num,lat,lon
10637,34.95557245,-80.8510012
10617,34.9363259,-80.8381123
10606,35.0340832,-80.804791
10600,35.2769773,-80.8400448
10588,35.0350286,-80.8091731
10552,35.317352,-80.83216
10501,35.0361478,-80.8093159
10493,35.2349779,-80.733672
10456,35.0315879,-80.8071482
10455,35.0354208,-80.8068108
10437,35.0303277,-80.8078626
10423,35.0350795,-80.8073448
10402,35.034643,-80.805795
10379,35.2215815,-80.723541
10362,35.356323,-80.8697399
10335,35.334982,-80.7948513
10320,35.27112,-80.860809
10291,35.337869,-80.824351
10290,34.9368319,-80.8379906
10279,35.0818854,-80.7288043
10261,35.3349718,-80.794662
10258,35.3397647,-80.8412119
10254,35.0361715,-80.8076646
10228,35.3341533,-80.8144726
10218,34.951581,-80.86296
10217,35.335684,-80.795891
10202,35.32194602,-80.83958001
10192,35.08295855,-80.72861899
10172,35.114066,-80.9118955
10155,35.3347618,-80.7150311
10131,35.3058393,-80.8524327
10128,34.96052812,-80.85178445
10127,35.349789,-80.8438649
10115,35.1112138,-80.9106704
10098,35.174647,-80.706781
10084,35.34900662,-80.85531685
10065,35.320717,-80.8392485
10047,35.085813,-80.732171
10035,34.95690251,-80.85436091
10034,34.9549952,-80.85213
10002,35.271284,-80.864094
9989,35.03482791,-80.80553944
9935,35.0350935,-80.8073265
9928,35.36232186,-80.85660973
9902,35.034957,-80.8091628
9859,35.2730688,-80.935875
9833,35.30858,-80.8440959
9827,35.3521284,-80.8512352
9822,35.3062442,-80.8558729
9812,35.308712,-80.8454329
9805,35.34710631,-80.85436383
9787,35.098527,-80.776643
9778,35.035039,-80.807438
9760,35.3521284,-80.8512352
9699,35.27085,-80.887668
9697,35.3521284,-80.8512352
9690,35.331484,-80.801831
9688,35.269186,-80.853644
9681,35.2724109,-80.8898552
9659,35.3490588,-80.8576332
9652,35.10322,-80.807534
9646,35.0719484,-80.7516392
9568,35.266819,-80.854797
9567,35.22393417,-80.72587585
9564,34.967837,-80.8433145
9550,35.3481709,-80.8603309
9537,35.24210645,-80.72565865
9517,35.0336962,-80.8054964
9516,35.0332378,-80.8068555
9515,35.0346645,-80.8057671
9513,35.2875609,-80.906343
9512,35.286805,-80.905282
9504,35.273464,-80.89172
9503,35.0939946,-80.7873582
9497,35.032955,-80.808036
9491,35.3115888,-80.8487984
9477,35.264421,-80.853982
9455,35.3505707,-80.8428648
9433,35.352237,-80.850578
9414,35.251781,-80.87141
9403,35.351313,-80.850198
9400,35.128771,-80.977071
9391,35.3348332,-80.7911445
9390,35.3509222,-80.8416534
9380,35.33387371,-80.81405933
9379,35.3339753,-80.7919828
9369,35.2625853,-80.8544272
9364,34.95488038,-80.85195811
9340,35.3521388,-80.8512232
9339,34.95735096,-80.85343318
9333,35.34879263,-80.85325956
9314,35.0353086,-80.80612
9301,35.1734076,-80.7061618
9300,35.335313,-80.792687
9299,35.339783,-80.834054
9293,35.235472,-80.736794
9287,35.3339753,-80.7919828
9264,35.3489141,-80.8525189
9263,35.335684,-80.795891
9226,35.2345297,-80.7376363
9216,35.3354154,-80.7962441
9213,35.335684,-80.795891
9197,34.95615974,-80.85959192
9187,35.033927,-80.8047131
9175,35.35054416,-80.84170561
9172,34.9324855,-80.83463528
9164,35.340784,-80.841264
9160,35.3521388,-80.8512232
9159,35.349049,-80.8576706
9158,35.333031,-80.717127
9156,35.263761,-80.854911
9143,35.2975753,-80.8386474
9133,35.3352529,-80.7990185
9128,35.2799002,-80.8360644
9123,34.9494591,-80.8480625
9122,35.174647,-80.706781
9110,35.112283,-80.739977
9106,34.947345,-80.844563
9103,34.9368989,-80.8383901
9087,35.0966736,-80.7806433
9086,35.231914,-80.7443739
9075,35.349427,-80.851576
9074,35.33556766,-80.79684812
9068,35.2660805,-80.882307
9017,35.05321461,-80.77040053
9016,35.062725,-80.7738817
9009,34.9305893,-80.8434303
8997,35.337309,-80.708598
8981,35.0361715,-80.8076646
8943,35.3349969,-80.8129698
8940,35.333598,-80.813201
8933,35.035893,-80.809284
8927,35.035251,-80.808225
8926,35.281236,-80.89872669
8921,35.3353653,-80.7963409
8914,35.2644481,-80.8558779
8911,35.286205,-80.905821
8909,35.33806,-80.8240579
8889,35.2243171,-80.7275346
8888,35.3346134,-80.8122121
8869,35.3533877,-80.8390261
8860,35.170744,-80.7031049
8849,35.0349284,-80.804526
8838,35.32095309,-80.82547525
8788,35.03588242,-80.80633324
8786,35.0342151,-80.80353
8768,35.095531,-80.7870994
8743,35.0552277,-80.7703411
8729,35.115251,-80.929052
8708,35.34763006,-80.84004928
8705,35.096586,-80.780683
8659,35.2642011,-80.8561256
8627,35.03302002,-80.80995941
8595,35.034166,-80.804615
8568,35.1144931,-80.9059949
8545,35.037305,-80.80552
8539,35.0350795,-80.8073448
8527,35.26532282,-80.87055427
8510,35.30757729,-80.85119955
8503,35.0338633,-80.8047016
8501,35.350094,-80.855536
8477,35.0332378,-80.8068555
8476,35.0297207,-80.8082056
8472,35.2703824,-80.838325
8470,35.0342675,-80.806329
8462,35.270598,-80.862294
8458,35.3530844,-80.8550431
8452,35.3473979,-80.8572922
8442,35.03482646,-80.80558689
8432,35.3481546,-80.8519109
8431,35.1097782,-80.771321
8427,35.310375,-80.861885
8417,35.3397647,-80.8412119
8415,35.09725805,-80.77938817
8403,35.0346832,-80.806866
8397,35.350186,-80.84518
8389,35.3491128,-80.8558463
8388,35.3202223,-80.8875861
8381,35.320717,-80.8392485
8380,35.3471671,-80.8544967
8378,35.2687693,-80.8378516
8376,35.0340918,-80.8089294
8367,35.033927,-80.8047131
8340,35.033927,-80.8047131
8323,35.0349925,-80.807239
8321,35.0614855,-80.7715356
8314,35.0348853,-80.8045349
8272,35.228011,-80.726779
8237,35.0340521,-80.8081143
8219,35.117891,-80.760415
8205,35.0355952,-80.8044731
8204,35.0387525,-80.7932948
8203,35.039439,-80.7942828
8195,35.34606349,-80.85283947
8170,35.26114162,-80.87769113
8169,35.0984229,-80.780416
8157,35.0311967,-80.8061015
8118,35.11652213,-80.8426674
8109,35.0658382,-80.7683439
8103,35.3378603,-80.8536258
8096,35.3475128,-80.85848451
8063,35.349495,-80.842056
8045,35.084792,-80.767528
8044,35.3202223,-80.8875861
8032,35.3480903,-80.8603963
8013,35.3202223,-80.8875861
7924,35.275642,-80.937323
7886,35.0990099,-80.7793823
7880,35.11467934,-80.92628244
7852,35.082923,-80.733029
7849,35.097249,-80.779327
7846,35.122726,-80.921642
7809,35.270061,-80.843692
7796,35.038718,-80.793308
7791,35.0345371,-80.80313
7779,35.106534,-80.807356
7776,35.1011066,-80.7824985
7763,35.235651,-80.735234
7755,35.03456151,-80.80586756
7748,35.3474376,-80.8573041
7747,35.3059579,-80.854211
7746,35.3483916,-80.8546341
7738,35.2932106,-80.8379521
7716,35.0513207,-80.7705561
7711,35.35032272,-80.84288788
7710,35.30821,-80.850004
7707,35.319545,-80.868519
7690,34.9553687,-80.8515146
7684,35.2622679,-80.9396303
7671,35.0519471,-80.7707505
7670,35.0622126,-80.7733527
7666,35.118041,-80.915762
7665,35.0552083,-80.7703157
7661,35.10179596,-80.7799387
7660,35.0982218,-80.7784356
7650,35.105459,-80.80753
7641,35.0973853,-80.778824
7601,35.08523,-80.73273
7579,35.346631,-80.8600576
7558,35.114432,-80.7722
7536,35.0984229,-80.780416
7520,35.31015015,-80.85391998
7505,35.0361478,-80.8093159
7502,35.3061142,-80.8601376
7479,35.34889491,-80.85602995
7464,35.34800317,-80.85790521
7459,35.333031,-80.717127
7458,35.336331,-80.719628
7454,35.2755067,-80.8360723
7438,35.3521284,-80.8512352
7425,35.350074,-80.8600352
7418,35.12122,-80.927531
7415,35.1065212,-80.8073679
7384,35.171981,-80.7085029
7383,35.312458,-80.836694
7370,35.2615418,-80.836737
7368,35.27315195,-80.85400634
7366,35.349778,-80.854491
7349,35.282662,-80.908859
7318,35.3101345,-80.83946
7307,35.050274,-80.769524
7301,35.083314,-80.7331379
7300,35.083614,-80.73312
7287,35.0355952,-80.8044731
7273,35.0339582,-80.8047412
7268,35.09649303,-80.7872597
7261,35.306526,-80.84077
7259,35.030056,-80.8079955
7258,35.2847507,-80.9036498
7243,35.270702,-80.937229
7176,35.0359679,-80.8065923
7147,35.1082791,-80.8073297
7140,35.27792011,-80.83493169
7138,35.2899552,-80.7789112
7122,35.09648478,-80.77853688
7121,35.296239,-80.8993377
7119,35.2795429,-80.835994
7090,35.3347,-80.7981
7072,35.29423,-80.8199725
7047,35.1069699,-80.806871
7046,35.104947,-80.82461
7044,35.025333,-80.8087533
7022,35.350387,-80.856277
7013,35.3521284,-80.8512352
7012,35.35235,-80.85163
6948,35.352596,-80.852265
6937,35.266146,-80.836885
6928,35.3521284,-80.8512352
6926,35.066526,-80.762165
6881,34.9497646,-80.8470917
6879,35.10951754,-80.80615997
6878,35.1173473,-80.7990185
6877,35.0843329,-80.7314054
6870,35.346151,-80.853333
6827,35.280244,-80.8556607
6820,35.332696,-80.842577
6811,35.28051766,-80.89886485
6810,35.0379859,-80.793312
6809,35.0622126,-80.7733527
6782,35.3481489,-80.8586234
6779,35.035338,-80.8041
6771,35.311291,-80.838414
6766,35.30353165,-80.85771179
6756,35.0356231,-80.8041826
6746,35.34812194,-80.85912593
6724,35.350264,-80.860075
6709,35.1173473,-80.80073511
6681,35.319545,-80.868519
6677,35.2652562,-80.8538398
6670,35.255887,-80.8746313
6668,35.1320288,-80.8398637
6659,35.06377567,-80.77341111
6642,35.040397,-80.78048
6641,35.034338,-80.806346
6630,35.055282,-80.770278
6619,35.352549,-80.851181
6617,35.343686,-80.836912
6601,35.0624111,-80.7716169
6598,35.154115,-80.98668
6596,35.1173473,-80.7990185
6585,35.03901,-80.7936564
6581,35.3101345,-80.83946
6543,35.3342055,-80.8142847
6542,35.098038,-80.780421
6539,35.1099849,-80.915332
6529,35.0545765,-80.7710486
6503,34.95540222,-80.85199563
6480,35.308318,-80.842621
6454,35.312008,-80.838417
6427,35.173295,-80.710326
6409,35.0519471,-80.7707505
6408,35.06286678,-80.77378324
6402,35.0957859,-80.785889
6397,35.12172,-80.982747
6374,35.35209788,-80.85168728
6359,35.338485,-80.832858
6358,35.3352529,-80.7990185
6343,35.2616908,-80.7193711
6340,35.305621,-80.8578966
6311,35.3337261,-80.8141319
6285,35.32956696,-80.82621765
6267,35.356875,-80.867643
6256,35.0530403,-80.770838
6252,34.9356608,-80.8361765
6235,35.3455984,-80.8246579
6220,35.3491128,-80.8558463
6217,35.2243171,-80.7275346
6178,35.139761,-80.983845
6176,34.95706178,-80.85391201
6175,35.096098,-80.785635
6168,35.3483584,-80.8421838
6143,35.171981,-80.7085029
6124,35.0618989,-80.771467
6105,35.3072044,-80.8455616
6097,35.34764106,-80.85273329
6093,35.063173,-80.7723
6085,35.096526,-80.783798
6067,35.34665846,-80.86083463
6053,35.078427,-80.744286
6046,35.08225641,-80.73201731
6043,34.956636,-80.8513905
6042,35.3346884,-80.8135014
6028,35.0624111,-80.7716169
6027,35.0552277,-80.7703411
6016,35.0826876,-80.7285204
6015,35.033022,-80.80485
6014,35.0983018,-80.77601783
6013,35.064717,-80.772205
6001,35.106407,-80.8077349
5996,35.1015273,-80.781777
5982,35.23546347,-80.73868029
5979,35.0826876,-80.7285204
5978,35.0828507,-80.7328322
5977,35.3448401,-80.836208
5964,35.3476531,-80.8422165
5905,35.1161154,-80.8242393
5893,35.3334908,-80.7979189
5891,35.3501544,-80.8429322
5890,35.3508939,-80.841644
5876,35.304119,-80.858303
5871,35.3493084,-80.8549548
5868,35.3337597,-80.7937127
5866,35.352549,-80.851181
5859,35.0946052,-81.0051713
5857,35.11429196,-80.76255798
5833,35.333478,-80.796171
5832,35.3051142,-80.8584445
5831,35.3486453,-80.8580031
5817,35.2549214,-80.7440273
5785,35.0310041,-80.8074518
5783,35.274215,-80.938057
5776,35.3369824,-80.8478415
5760,35.334294,-80.794658
5759,35.3334137,-80.8064398
5756,35.0647776,-80.7701434
5706,35.0828253,-80.7281376
5692,35.347476,-80.853869
5683,35.340499,-80.834743
5671,35.3352529,-80.7990185
5663,35.339783,-80.834054
5653,35.344465,-80.837557
5652,35.33974642,-80.83405832
5648,35.09621,-80.780461
5644,35.11704891,-80.82486213
5622,35.3337283,-80.8009509
5614,35.3066473,-80.8404342
5606,35.3481546,-80.8519109
5597,35.349951,-80.8431219
5593,35.098507,-80.776642
5582,35.1216054,-80.8105359
5575,35.3337519,-80.797556
5564,35.3011691,-80.8957669
5563,35.3520977,-80.8488775
5562,35.3521284,-80.8512352
5541,35.280255,-80.92034
5536,34.93675438,-80.83794071
5528,35.177256,-80.716392
5499,35.3380522,-80.8240452
5494,35.3056057,-80.8607615
5491,35.353584,-80.850346
5476,35.3508939,-80.841644
5474,35.0831613,-80.7295536
5450,35.0830229,-80.7287281
5447,35.1170886,-80.82511023
5430,35.2473215,-80.7533836
5426,35.3521284,-80.8512352
5420,35.084376,-80.7335463
5419,35.33297,-80.810766
5414,35.3497049,-80.8420243
5388,35.0830229,-80.7287281
5378,35.351934,-80.849574
5377,35.3521284,-80.8512352
5376,35.30672,-80.846444
5369,35.3523178,-80.85191229
5344,35.133551,-80.781424
5323,35.2800629,-80.8344235
5303,35.327362,-80.7106699
5291,35.3464142,-80.8267504
5286,35.263615,-80.879666
5281,35.2345297,-80.7376363
5279,35.3323139,-80.842558
5278,35.3502059,-80.8600183
5273,35.231032,-80.7403439
5266,35.3521284,-80.8512352
5249,35.23685074,-80.73797607
5247,35.3521284,-80.8512352
5242,35.33806,-80.8240579
5236,35.339783,-80.834054
5234,35.3375907,-80.8246684
5233,35.334982,-80.7948513
5231,35.0982,-80.782767
5227,35.0394091,-80.7936972
5219,35.258006,-80.735647
5208,35.3349969,-80.8129698
5195,35.2352599,-80.73621
5174,35.3482437,-80.859375
5173,35.3481268,-80.8586173
5161,35.2372325,-80.7371183
5159,35.3372079,-80.826963
5142,35.2413572,-80.7103532
5121,35.2372325,-80.7371183
5116,35.234696,-80.737635
5106,35.1173473,-80.7990185
5097,35.34114806,-80.83446298
5096,35.0510244,-80.7698056
5092,35.034586,-80.8075145
5085,35.3346569,-80.7973807
5081,35.096098,-80.785635
5059,35.096386,-80.778419
5048,35.053472,-80.7708
5043,35.3492595,-80.8496618
5037,35.351945,-80.844061
5036,35.06272,-80.773988
5035,35.333813,-80.79141
5031,35.2923041,-80.9146121
5030,35.3521284,-80.8512352
5022,35.33622314,-80.82632482
5016,35.3530844,-80.8550431
5009,35.098442,-80.786569
5003,35.339239,-80.704058
5001,35.348299,-80.8442348
4998,35.0960065,-80.7801381
4994,35.03514172,-80.80771101
4973,35.3352529,-80.7990185
4966,35.3521284,-80.8512352
4964,35.3488142,-80.8554287
4962,35.344781,-80.836142
4961,35.334982,-80.7948513
4950,35.258015,-80.735695
4917,35.1288764,-80.8357004
4898,35.349825,-80.8420189
4886,35.3346884,-80.8135014
4885,35.3490135,-80.8438574
4878,35.08788871,-80.78384399
4877,35.0987145,-80.7783067
4869,35.3472883,-80.8540275
4858,35.099739,-80.777452
4856,35.0529811,-80.7707695
4839,35.113126,-80.919617
4834,34.9649202,-80.8537612
4816,35.0970775,-80.77909899
4796,35.095782,-80.78731
4795,35.3528476,-80.84035
4793,35.099179,-80.7789313
4769,34.967837,-80.8433145
4768,35.15412828,-80.76800945
4752,35.06258705,-80.77368882
4748,34.93599213,-80.83792269
4740,35.116852,-80.823067
4735,35.1171312,-80.824652
4728,35.1001888,-80.7838617
4725,35.119293,-80.903142
4713,35.0361478,-80.8093159
4705,35.039439,-80.7942828
4700,35.095965,-80.780178
4695,35.083121,-80.727838
4688,35.038004,-80.79364
4685,35.352549,-80.851181
4650,35.3349718,-80.794662
4645,35.3509222,-80.8416534
4640,35.063161,-80.7723511
4633,35.352549,-80.851181
4623,34.957979,-80.854662
4622,35.342056,-80.8570913
4621,35.3464222,-80.855968
4605,35.3475984,-80.8585564
4601,35.333539,-80.794578
4590,35.0624111,-80.7716169
4563,35.034313,-80.806325
4562,35.336585,-80.714219
4551,35.03522819,-80.80447551
4539,35.08203259,-80.72899665
4535,35.1286,-80.837
4530,35.3033706,-80.8578061
4513,35.1228856,-80.9788992
4499,35.09869367,-80.77622284
4496,35.03939096,-80.79507104
4485,35.3488949,-80.8560302
4483,35.0354016,-80.8066599
4481,35.135164,-80.778632
4474,35.038603,-80.794068
4466,35.09536,-80.7783134
4464,35.038603,-80.794068
4459,35.28965351,-80.81599533
4455,35.0988152,-80.78132351
4453,35.30524,-80.85045
4450,35.242595,-80.738263
4448,35.348854,-80.857714
4426,35.096098,-80.785635
4425,35.063326,-80.771047
4416,35.08279009,-80.72856903
4398,35.34704872,-80.86108088
4397,35.35217014,-80.84943138
4396,35.35143322,-80.85775368
4390,35.09927368,-80.77954865
4385,35.2465687,-80.7375097
4382,35.03901,-80.7936564
4372,35.10133,-80.779533
4368,35.0820468,-80.7324215
4361,35.09424,-80.795428
4352,35.061445,-80.766085
4346,35.038718,-80.793308
4345,35.03901,-80.7936564
4337,35.3521284,-80.8512352
4318,35.098439,-80.775959
4314,35.08302,-80.728738
4313,35.08228041,-80.72767447
4307,35.3474242,-80.8572999
4302,35.096321,-80.78463
4300,35.3468122,-80.8607569
4296,35.1065248,-80.8072964
4289,35.0621693,-80.7717109
4287,35.2362202,-80.735825
4285,35.3379409,-80.8240176
4277,35.1159638,-80.9285858
4275,35.2564113,-80.7356455
4265,35.063864,-80.772977
4256,35.2356482,-80.7352789
4249,35.33410263,-80.79870605
4244,35.038603,-80.794068
4238,35.35275464,-80.85198844
4237,35.3521284,-80.8512352
4235,35.2737539,-80.70455
4233,35.3457337,-80.8520375
4223,35.333222,-80.81961
4214,35.235494,-80.735448
4210,35.2236276,-80.7256161
4207,35.3521284,-80.8512352
4205,35.227005,-80.74651
4204,35.334391,-80.7929693
4201,35.333813,-80.79141
4200,35.3418909,-80.833729
4194,35.3040659,-80.8592341
4188,35.347316,-80.845467
4180,35.352549,-80.851181
4160,35.334091,-80.815422
4153,35.334041,-80.796968
4150,35.22218018,-80.72390194
4142,35.095238,-80.779082
4132,35.082211,-80.730129
4129,35.10412028,-80.71152053
4121,35.0841853,-80.7314409
4105,35.1006209,-80.779718
4086,35.086656,-80.78722
4082,35.095474,-80.786571
4051,35.038221,-80.796398
4031,35.062218,-80.773346
4029,35.2657253,-80.8821336
4014,35.3339753,-80.7919828
4013,35.3342055,-80.8142847
4008,35.034338,-80.806346
3968,35.228901,-80.72953
3965,35.062218,-80.773346
3933,35.3480739,-80.8555669
3924,35.038603,-80.794068
3923,35.0529811,-80.7707695
3914,35.0314093,-80.80810491
3906,35.11693639,-80.82450338
3904,35.254022,-80.871836
3896,35.3033706,-80.8578061
3895,35.351011,-80.852344
3876,35.1119709,-80.923145
3875,35.0960065,-80.7801381
3872,35.08344411,-80.7330239
3863,35.1729182,-80.708541
3862,35.3354154,-80.7962441
3858,35.17198483,-80.70846296
3854,35.06205927,-80.77274317
3797,35.09534687,-80.77849299
3796,35.0665073,-80.7712206
3792,35.0665073,-80.7712206
3791,35.0973853,-80.778824
3780,35.0820468,-80.7324215
3757,35.062366,-80.774166
3748,35.09536,-80.7783134
3747,35.1068968,-80.8068567
3742,35.11209,-80.9271909
3735,35.139088,-80.984604
3725,35.1006672,-80.7789623
3707,35.082584,-80.732596
3696,35.034628,-80.8067629
3689,35.122007,-80.7569819
3658,35.096098,-80.785635
3641,35.08261,-80.7327679
3638,35.065481,-80.770167
3634,35.05024739,-80.76881951
3633,35.333711,-80.7905665
3624,35.09735639,-80.77884304
3591,35.3058577,-80.8509471
3571,35.0952753,-80.7791381
3570,35.09973259,-80.77682249
3563,35.098439,-80.775959
3551,35.1145056,-80.8039838
3546,35.0982218,-80.7784355
3543,35.09704,-80.779148
3539,35.035338,-80.8041
3534,35.0349925,-80.807239
3452,35.3568505,-80.86880474
3435,35.083228,-80.781532
3408,35.082745,-80.732972
3407,35.081887,-80.728774
3344,35.1015273,-80.781777
3342,35.352549,-80.851181
3326,35.036336,-80.806711
3325,35.102525,-80.776566
3308,35.1126084,-80.919443
3300,35.271145,-80.842316
3298,35.3352529,-80.7990185
3288,35.3347742,-80.8135078
3262,35.3462714,-80.8432441
3244,35.3411144,-80.8354295
3239,35.3366309,-80.827876
3232,35.038718,-80.793308
3211,35.352543,-80.843166
3199,35.063202,-80.772394
3165,35.133909,-80.759058
3122,35.1173473,-80.7990185
3100,35.1006209,-80.779718
3095,35.23687,-80.7419759
3092,35.3345683,-80.7932379
3086,35.1178353,-80.9150121
3053,35.0665073,-80.7712206
3031,35.01638631,-80.80220578
3012,35.271145,-80.842316
3010,35.3352529,-80.7990185
3008,35.0952753,-80.7791381
3000,35.06318808,-80.7736126
2999,35.0622126,-80.7733527
2994,35.015917,-80.8020471
2987,35.0971245,-80.780796
2986,35.0952753,-80.7791381
2982,35.11312,-80.922262
2957,34.9498238,-80.8471528
2901,35.131469,-80.780094
2899,35.052121,-80.770609
2895,35.104202,-80.71128
2864,35.133611,-80.778675
2863,35.06431964,-80.77111649
2858,35.0979258,-80.7807022
2854,35.349709,-80.856455
2839,35.09670692,-80.7822199
2819,35.286823,-80.780227
2808,35.03884,-80.794704
2787,35.0952753,-80.7791381
2786,35.064082,-80.7706819
2778,35.352068,-80.848483
2774,35.06221771,-80.77334595
2765,35.172913,-80.709081
2751,35.06608235,-80.77261049
2750,35.0960065,-80.7801381
2749,35.0960065,-80.7801381
2745,35.096964,-80.778879
2736,35.333478,-80.796171
2726,35.038718,-80.793308
2725,35.061526,-80.7725619
2722,35.0952753,-80.7791381
2718,35.098038,-80.780421
2697,35.09541482,-80.77831431
2685,35.098696,-80.77854
2666,35.11705666,-80.82539112
2661,35.0952753,-80.7791381
2658,35.052441,-80.770867
2654,35.347096,-80.844395
2649,35.3508939,-80.841644
2642,35.1171322,-80.8245033
2630,35.061482,-80.771475
2613,35.08302,-80.728738
2599,35.0390726,-80.7944039
2597,35.223248,-80.725492
2589,35.10897658,-80.80703497
2581,35.0971238,-80.78056097
2571,35.2676379,-80.8533522
2570,35.2843274,-80.8574571
2552,35.1054542,-80.8075208
2545,35.097249,-80.779327
2502,35.1047165,-80.77807188
2496,35.097249,-80.779327
2495,35.0960065,-80.7801381
2466,35.03884,-80.794704
2416,35.2466236,-80.737506
2411,35.3394268,-80.8339199
2391,35.339395,-80.83318
2377,35.3370459,-80.8248882
2373,35.0970397,-80.7790509
2369,35.075672,-80.774377
2354,35.098439,-80.775959
2343,35.06629858,-80.7722555
2339,35.1640866,-80.7003475
2324,35.0952753,-80.7791381
2311,35.0836717,-80.7332908
2310,35.099609,-80.722877
2306,35.0971245,-80.780796
2305,35.096896,-80.77876
2258,35.118862,-80.90864
2226,35.1156751,-80.926829
2217,35.097249,-80.779327
2209,35.083533,-80.733202
2183,35.108643,-80.765429
2160,35.106407,-80.8077349
2158,35.063864,-80.772977
2123,35.1068968,-80.8068567
2107,35.0956421,-80.7795737
2093,35.082584,-80.732596
2091,35.09900979,-80.77618166
2080,35.1068968,-80.8068567
2076,35.099609,-80.722877
2054,35.096321,-80.78463
2053,35.095716,-80.7861447
2030,35.11423,-80.910492
2015,35.107563,-80.762787
2006,35.081857,-80.72973
1978,35.01625818,-80.80232199
1964,35.13571198,-80.7788229
1952,35.34807,-80.843388
1951,35.344936,-80.842227
1949,35.065284,-80.773432
1941,35.1097782,-80.771321
1931,35.098038,-80.780421
1930,35.033806,-80.80457
1925,35.1348393,-80.7807622
1812,35.0979,-80.783417
1806,35.1068968,-80.8068567
1796,35.3458654,-80.8468008
1795,35.3227409,-80.9018518
1791,35.0999161,-80.7819815
1724,35.063369,-80.7737745
1722,35.1097782,-80.771321
1718,35.0822822,-80.730047
1635,35.308491,-80.8401233
1617,35.036081,-80.805352
1597,35.1068968,-80.8068567
1585,35.2514151,-80.7370056
1565,35.034628,-80.8067629
1544,35.3482952,-80.7241941
1533,35.0348853,-80.8045349
1527,35.2574618,-80.7361738
1506,35.268764,-80.8859748
1500,35.26713067,-80.87184782
1482,35.061526,-80.7725619
1478,35.0984229,-80.780416
1452,35.263077,-80.855603
1440,35.0388859,-80.794769
1435,35.306149,-80.852686
1428,34.9345467,-80.8365711
1413,35.0967174,-80.7785798
1391,35.1493018,-80.9867831
1364,35.3079935,-80.8414285
1343,35.235405,-80.737228
1337,35.348632,-80.856267
1322,35.3530844,-80.8550431
1319,35.11806941,-80.9147096
1316,35.352549,-80.851181
1302,35.17464162,-80.706786
1294,35.0361114,-80.8076238
1284,35.35704169,-80.85516445
1274,35.09536,-80.7783134
1269,35.28438512,-80.90442236
1253,35.09535927,-80.77929272
1236,35.0530403,-80.770838
1212,35.320717,-80.8392485
1209,35.03531265,-80.80430603
1153,35.3480292,-80.8579034
1144,35.0328219,-80.8065441
1143,35.0346645,-80.8057671
1131,35.281153,-80.926391
1119,35.3501544,-80.8429322
1080,35.1318897,-80.8397628
1072,34.95675636,-80.85445565
1053,35.0365305,-80.8066979
1045,34.968254,-80.85417018
1044,34.967062,-80.854159
1010,35.3346884,-80.8135014
957,35.3144062,-80.8502027
953,35.2215815,-80.723541
952,35.224431,-80.7246
951,35.2215815,-80.723541
947,35.33448418,-80.81428638
944,35.082584,-80.732596
943,35.17256553,-80.70873982
914,34.9521011,-80.8458994
876,35.12209113,-80.91609428
872,35.09921137,-80.77630312
871,35.0529811,-80.7707695
849,35.3490421,-80.8452697
809,35.3370459,-80.8248882
802,35.3338805,-80.79128769
788,35.34954521,-80.84398448
763,34.96590868,-80.85289478
731,35.1068968,-80.8068567
716,35.17276032,-80.70860568
711,35.24656,-80.752052
710,34.964431,-80.855686
706,35.085049,-80.732302
664,35.3508939,-80.841644
651,34.95543508,-80.85076996
617,35.0847358,-80.7299476
597,35.3418909,-80.833729
589,35.1126606,-80.9172776
578,35.34924768,-80.85760474
567,35.094605,-81.005171
564,35.118061,-80.82481
558,35.113327,-80.920093
548,35.3337069,-80.7951329
530,35.063287,-80.773737
528,34.9679259,-80.8535891
511,35.353179,-80.839454
496,35.3481268,-80.8586173
487,35.0513207,-80.7705561
482,35.114191,-80.912923
420,34.9305809,-80.8433902
410,35.35253,-80.851337
408,35.1053126,-80.7972298
399,35.097432,-80.784263
359,35.352549,-80.851181
352,35.061287,-80.773092
346,35.105459,-80.80753
335,35.3521284,-80.8512352
328,35.352234,-80.850743
314,35.349609,-80.853133
310,35.0623011,-80.7671003
293,35.117117,-80.824515
283,35.3055903,-80.8549692
282,35.308686,-80.887165
279,35.33806,-80.8240579
267,35.1118189,-80.915583
259,35.1171322,-80.8245033
258,35.11702993,-80.82358343
241,35.337238,-80.815129
230,35.3500429,-80.8548882
226,35.3075148,-80.8438944
209,35.353114,-80.853397
206,34.9319698,-80.8211708
180,35.062218,-80.773346
175,35.0331082,-80.8056055
167,35.3230283,-80.8278696
156,35.117886,-80.826228
139,34.9658091,-80.8543397
135,35.289675,-80.926902
128,35.357556,-80.868144
106,35.0960065,-80.7801381
105,35.09687801,-80.77885509
66,35.324803,-80.711488
61,35.035319,-80.806121
30,34.9548468,-80.8519757
26,35.10809,-80.783814
25,35.062218,-80.773346
20,34.967837,-80.8433145
18,35.094605,-81.005171
14,35.346468,-80.852589
9,34.95430374,-80.85134907
1,35.3521284,-80.8512352
