num,lat,lon
10635,35.3741825,-80.7231874
10609,35.37384895,-80.72746624
10598,35.3740701,-80.7230109
10597,35.37945921,-80.7299294
10596,35.3750084,-80.7253273
10592,35.3528204,-80.6884697
10591,35.3725111,-80.7136566
10590,35.371267,-80.7146538
10589,35.405192,-80.714839
10566,35.3515871,-80.6866056
10563,35.36972076,-80.72321735
10562,35.1400011,-80.6233575
10555,35.354047,-80.704077
10551,35.3733319,-80.7222949
10535,35.369521,-80.724859
10534,35.3751457,-80.7259546
10520,35.3713497,-80.7184469
10518,35.372569,-80.7267414
10513,35.3648079,-80.7088519
10512,35.3746512,-80.7257594
10488,35.3614964,-80.7120689
10472,35.3712142,-80.7169504
10470,35.1418387,-80.6236933
10463,35.3669,-80.7103
10461,35.36610338,-80.7216154
10442,35.361612,-80.702084
10438,35.1412136,-80.6239791
10428,35.3741532,-80.72453499
10421,35.3725747,-80.7223242
10404,35.3689981,-80.7222273
10403,35.3740701,-80.7230109
10352,35.3692222,-80.7221259
10275,35.3710262,-80.6633996
10273,35.1220146,-80.6537565
10235,35.32626724,-80.64823914
10211,35.368524,-80.72118
10133,35.3212158,-80.6601341
10110,35.3216744,-80.6498164
10095,35.3215705,-80.6525614
10090,35.3237528,-80.6559017
10074,35.3348066,-80.624391
10073,35.3199452,-80.6687195
10064,35.368875,-80.710646
10063,35.372239,-80.718169
10057,35.371553,-80.718653
10042,35.0486384,-80.6475554
10026,35.3673348,-80.7106571
10025,35.37100287,-80.66337399
10006,35.367101,-80.665846
9999,35.3856909,-80.6917261
9998,35.3726314,-80.7163162
9993,35.3692222,-80.7221259
9992,35.372441,-80.7134858
9991,35.3660006,-80.7128357
9983,35.3684275,-80.710397
9969,35.0485407,-80.6463282
9965,35.37392981,-80.72750206
9960,35.366532,-80.709297
9959,35.369308,-80.72227
9954,35.044695,-80.655398
9944,35.040852,-80.66616
9943,35.3692222,-80.7221259
9941,35.36537,-80.7076031
9938,35.383162,-80.6948819
9937,35.36954693,-80.71739852
9932,35.370587,-80.724263
9908,35.364564,-80.7103562
9906,35.3866256,-80.7131794
9904,35.1412136,-80.6239791
9880,35.0469722,-80.6478874
9871,35.372622,-80.715107
9863,35.375107,-80.7242072
9840,35.32159182,-80.65134689
9826,35.344646,-80.886235
9819,35.344646,-80.886235
9810,35.401123,-80.7137871
9798,35.3750016,-80.7288826
9773,35.1415282,-80.6251282
9746,35.369155,-80.715969
9744,35.3660988,-80.7085115
9740,35.3657279,-80.7153772
9734,35.329341,-80.94596
9728,35.141265,-80.6132329
9629,35.3263106,-80.6484124
9601,35.3243372,-80.9476967
9596,35.3662228,-80.7109924
9594,35.1403132,-80.6232468
9583,35.3232661,-80.9462201
9573,35.326506,-80.6464843
9572,35.141224,-80.622779
9552,35.321023,-80.650394
9447,35.1236632,-80.6520965
9438,35.320953,-80.659377
9435,35.3239574,-80.9460663
9430,35.1254834,-80.6548497
9404,35.326869,-80.944742
9383,35.1412353,-80.6240395
9353,35.1400011,-80.6233575
9335,35.36901228,-80.72526506
9328,35.3221649,-80.6431953
9316,35.36922236,-80.72212603
9247,35.1254834,-80.6548497
9245,35.373265,-80.7253719
9244,35.3680504,-80.7217497
9243,35.4083046,-80.7120519
9165,35.3210046,-80.6518988
9141,35.3692222,-80.7221259
9117,35.344165,-80.6762162
9116,35.3650629,-80.7069552
9043,35.3515472,-80.6865507
9037,35.3643143,-80.7122786
9036,35.3743171,-80.7275842
9035,35.3859681,-80.6932224
9034,35.3675643,-80.7111718
9023,35.3746512,-80.7257594
9022,35.368547,-80.7094736
9013,35.367101,-80.665846
8989,35.37173,-80.717495
8988,35.36966717,-80.72375279
8986,35.3689981,-80.7222273
8985,35.3740759,-80.7287636
8966,35.339194,-80.681032
8958,35.3681639,-80.7099427
8931,35.3747002,-80.725971
8930,35.3699306,-80.7158941
8928,35.378639,-80.7247984
8891,35.1422713,-80.6227465
8886,35.3743315,-80.7276898
8867,35.3692222,-80.7221259
8845,35.36998896,-80.72285056
8829,35.1236635,-80.6520963
8816,35.37493757,-80.72912701
8815,35.3648079,-80.7088519
8807,35.3671326,-80.7189466
8797,35.366737,-80.7136869
8796,35.365041,-80.709321
8794,35.3692222,-80.7221259
8793,35.364516,-80.7083789
8777,35.372799,-80.7271223
8776,35.36503408,-80.70136841
8775,35.3689981,-80.7222273
8770,35.3677624,-80.6668523
8769,35.3705065,-80.7152808
8767,35.1236635,-80.6520963
8680,35.03490732,-80.91443445
8654,35.37338621,-80.7273837
8653,35.3697203,-80.72331463
8652,35.37021,-80.709194
8643,35.363335,-80.711935
8642,35.3750016,-80.7288826
8611,35.3705892,-80.7261556
8610,35.3722151,-80.7186412
8609,35.345675,-80.677091
8596,35.1423486,-80.6244029
8580,35.3746512,-80.7257594
8546,35.3735275,-80.7226144
8542,35.3692222,-80.7221259
8541,35.4011232,-80.7137866
8537,35.3688916,-80.7223703
8536,35.366532,-80.709297
8535,35.3692222,-80.7221259
8534,35.3689981,-80.7222273
8509,35.330353,-80.94702
8487,35.3713427,-80.7184193
8486,35.3726988,-80.71475
8449,35.3720213,-80.7218943
8448,35.3692222,-80.7221259
8447,35.38909,-80.71779
8412,35.3652503,-80.7014311
8411,35.37083826,-80.72509527
8410,35.4002719,-80.6972013
8394,35.125902,-80.655336
8368,35.1241238,-80.652799
8357,35.3164297,-80.6737802
8354,35.3682751,-80.664952
8353,35.3633173,-80.7032434
8320,35.36784142,-80.66506673
8318,35.37308163,-80.7272655
8316,35.3689981,-80.7222273
8274,35.366481,-80.711599
8238,35.3730474,-80.7302479
8232,35.3513949,-80.888219
8147,35.3216522,-80.6503119
8146,35.3225144,-80.6458476
8080,35.3242679,-80.947736
8074,35.3692222,-80.7221259
8027,35.3726526,-80.7158183
7949,35.353006,-80.688579
7855,35.0489841,-80.6482181
7833,35.3226749,-80.9456189
7817,35.0606099,-80.7267275
7794,35.0463742,-80.6476286
7729,35.3688916,-80.7223703
7725,35.1235235,-80.6541913
7622,35.3747586,-80.7268659
7614,35.3432169,-80.8909554
7609,35.32628107,-80.64635714
7603,35.3733319,-80.7222949
7602,35.4020244,-80.7159005
7588,35.3689981,-80.7222273
7587,35.3726849,-80.7156774
7586,35.365369,-80.712093
7585,35.36999289,-80.664095
7560,35.3793918,-80.6995969
7559,35.0485407,-80.6463282
7556,35.3205552,-80.6508973
7527,35.3726292,-80.7224467
7526,35.366203,-80.7088009
7511,35.36931501,-80.7225854
7510,35.3683879,-80.711993
7509,35.3741935,-80.7265916
7503,35.325556,-80.946923
7497,35.05140665,-80.6455858
7474,35.1412353,-80.6240395
7448,35.367101,-80.665846
7435,35.3242679,-80.947736
7410,35.0492092,-80.6455685
7355,35.3652036,-80.711404
7338,35.3665774,-80.7092924
7334,35.3644909,-80.7165077
7291,35.32405874,-80.64591944
7280,35.3577182,-80.8941149
7278,35.369582,-80.711495
7277,35.3707813,-80.7157904
7275,35.3643119,-80.7033521
7267,35.3219984,-80.6602857
7236,35.3713178,-80.7183571
7234,35.3708493,-80.7169576
7233,35.3644761,-80.7046536
7230,35.385188,-80.6891052
7217,35.3692222,-80.7221259
7215,35.36480713,-80.70884705
7214,35.3741016,-80.7255435
7213,35.3648494,-80.7054554
7210,35.321591,-80.652494
7209,35.321683,-80.659621
7159,35.32205195,-80.65054592
7035,35.32224,-80.653712
7034,35.3689712,-80.722079
7032,35.3675947,-80.6653594
7031,35.37472402,-80.72803259
7027,35.3250113,-80.6390695
7020,35.3263106,-80.6484124
7011,35.0492092,-80.6455685
6990,35.36472567,-80.71347389
6989,35.3692222,-80.7221259
6978,35.3692966,-80.6664807
6976,35.3641265,-80.710598
6966,35.320054,-80.667621
6925,35.3235654,-80.6470968
6924,35.326298,-80.648239
6903,35.3747002,-80.725971
6888,35.3727562,-80.7227334
6871,35.3250738,-80.9463413
6826,35.3217178,-80.6597193
6785,35.3230118,-80.6450522
6769,35.322069,-80.656603
6768,35.3264265,-80.6467724
6762,35.321649,-80.952888
6738,35.37437258,-80.72498204
6736,35.32706,-80.648073
6731,35.3746431,-80.72599076
6714,35.3689165,-80.7221368
6712,35.3731897,-80.7249592
6711,35.38833712,-80.72315801
6693,35.3206043,-80.6497676
6672,35.3219956,-80.6603052
6651,35.3515871,-80.6866056
6638,35.32191845,-80.6490469
6637,35.3219923,-80.6509039
6631,35.3219548,-80.651351
6624,35.3160328,-80.6772948
6611,35.36034225,-80.69296401
6568,35.3238324,-80.6414929
6565,35.3229563,-80.9458671
6563,35.3193931,-80.673654
6523,35.3199936,-80.6681304
6521,35.149765,-80.619173
6518,35.12361288,-80.65206841
6493,35.320269,-80.670979
6484,35.3226342,-80.6607541
6478,35.3260474,-80.6633109
6459,35.3184124,-80.672107
6446,35.3215705,-80.6525614
6442,35.3271726,-80.6480489
6422,35.3692527,-80.7095845
6330,35.3206068,-80.6497969
6316,35.3212209,-80.6600658
6309,35.0485975,-80.64774026
6293,35.3218983,-80.6602957
6261,35.32205387,-80.66041612
6254,35.335627,-80.922953
6249,35.370587,-80.718237
6227,35.321343,-80.663276
6219,35.32590165,-80.64599376
6200,35.322251,-80.653602
6186,35.37294165,-80.72432109
6150,35.35398483,-80.70397949
6109,35.3222433,-80.6485454
6075,35.318805,-80.951975
6008,35.3210046,-80.6518988
5933,35.0387373,-80.9123199
5896,35.368956,-80.711873
5875,35.305157,-80.937302
5784,35.32634882,-80.64555057
5782,35.32223,-80.64847
5746,35.3731564,-80.7221835
5732,35.3258777,-80.9464172
5703,35.0476701,-80.6489763
5691,35.3223295,-80.6475116
5641,35.3151057,-80.6820066
5605,35.326298,-80.648239
5595,35.04552568,-80.64842915
5590,35.3566483,-80.9115691
5576,35.32164082,-80.65128875
5521,35.096307,-81.023142
5492,35.3219726,-80.9521254
5457,35.354958,-80.930662
5385,35.0482284,-80.6469037
5371,35.3736728,-80.7230764
5312,35.3248229,-80.9480532
5289,35.33737913,-80.93515368
5285,35.315568,-80.677987
5185,35.3670998,-80.71853143
4965,35.3225328,-80.9450291
4944,35.3232661,-80.9462201
4925,35.336087,-80.962264
4889,35.35030595,-80.91839815
4883,35.0469722,-80.6478874
4867,35.3450737,-80.88713837
4865,35.344646,-80.886235
4862,35.30359071,-80.93694065
4846,35.32056789,-80.65143809
4836,35.32706,-80.648073
4824,35.0632049,-80.9090891
4765,35.3223345,-80.6474519
4764,35.3226435,-80.6481118
4743,35.028202,-80.904797
4610,35.3156915,-80.6820744
4609,35.3176051,-80.6736693
4575,35.327245,-80.944451
4452,35.3235541,-80.9467086
4388,35.3250995,-80.9463466
4261,35.3370264,-80.9687004
4257,35.319499,-80.952736
4234,35.32820806,-80.94492199
4209,35.325861,-80.94644
4186,35.326298,-80.648239
4158,35.3221239,-80.9540011
4139,35.3195105,-80.9527442
4074,35.354958,-80.930662
3973,35.37427761,-80.73047157
3894,35.324971,-80.947602
3887,35.3191012,-80.953023
3825,35.33667,-80.9623142
3807,35.3220605,-80.6504363
3518,35.0474,-80.648068
3516,35.367745,-80.668218
3418,35.324815,-80.948051
3386,35.335771,-80.9614862
3343,35.32555,-80.947298
3338,35.0474369,-80.646318
3299,35.37165,-80.736476
3284,35.36235794,-80.70495255
3246,35.0467746,-80.647738
3091,35.3191012,-80.953023
3041,35.0486079,-80.6475013
3024,35.371099,-80.7242634
3005,35.0474,-80.648068
2927,35.0302663,-80.9131861
2916,35.336302,-80.961875
2887,35.048491,-80.6462169
2862,35.067394,-80.729343
2856,35.326298,-80.648239
2835,35.373437,-80.725888
2652,35.325556,-80.946923
2595,35.3566483,-80.9115691
2491,35.06427204,-80.72688427
2385,35.336302,-80.961875
2283,35.0486079,-80.6475013
2269,35.3498581,-80.6904951
2197,35.0632165,-80.9090956
2156,35.0474,-80.648068
2155,35.3736381,-80.7260869
2069,35.0486382,-80.6475556
2040,35.0486382,-80.6475556
2031,35.04875148,-80.64718128
1993,35.05415066,-80.91477832
1989,35.0404714,-80.9145807
1975,35.0486077,-80.6475015
1962,35.369968,-80.717161
1919,35.35323593,-80.88615435
1883,35.38139127,-80.64982742
1825,35.1290308,-80.6339545
1819,35.0492092,-80.6455685
1774,35.04889679,-80.64794159
1712,35.3706767,-80.6651482
1710,35.3692222,-80.7221259
1694,35.3713178,-80.7183571
1687,35.3680822,-80.7114964
1682,35.3635257,-80.7159078
1667,35.3692136,-80.6640323
1658,35.3783498,-80.6561837
1656,35.361052,-80.71121
1655,35.3515472,-80.6865507
1651,35.363335,-80.711935
1650,35.3672972,-80.7128584
1649,35.36082943,-80.68725523
1643,35.3723248,-80.7230133
1640,35.3653137,-80.7015469
1631,35.1220276,-80.6539511
1588,35.3692222,-80.7221259
1579,35.3727563,-80.7227336
1540,35.3692222,-80.7221259
1539,35.368479,-80.7211883
1538,35.3734517,-80.72265677
1530,35.36900862,-80.72197056
1501,35.1254834,-80.6548497
1468,35.3654322,-80.7111543
1454,35.364255,-80.710632
1453,35.14011069,-80.62475199
1430,35.3721161,-80.72260489
1429,35.369405,-80.7095
1403,35.37031595,-80.72140587
1358,35.3727564,-80.7227339
1357,35.37036843,-80.71786433
1317,35.301581,-80.935997
1314,35.14218114,-80.62501766
1225,35.04891155,-80.6467963
1213,35.140388,-80.623594
1183,35.37292,-80.727223
1171,35.04857129,-80.64729918
1162,35.3706054,-80.7099083
1161,35.370239,-80.710709
1145,35.32069682,-80.65138381
1132,35.12226233,-80.65304842
1113,35.3648079,-80.7088519
1112,35.3689757,-80.7221502
1111,35.37192206,-80.72264275
1069,35.3668718,-80.7123008
1051,35.3499883,-80.6909682
1003,35.321591,-80.652494
964,35.31562667,-80.67418583
942,35.3705892,-80.7261556
941,35.3692222,-80.7221259
934,35.3164366,-80.6737833
919,35.32458209,-80.94645292
860,35.322251,-80.653602
855,35.0644391,-80.7279894
813,35.0461239,-80.6490714
798,35.3212518,-80.6596541
693,35.319499,-80.952736
692,35.3172726,-80.6750919
667,35.3209568,-80.6625822
642,35.0493422,-80.6456398
609,35.3444415,-80.8867048
560,35.3209599,-80.6625455
540,35.3264265,-80.6467724
500,35.3692222,-80.7221259
481,35.329424,-80.945634
457,35.0492092,-80.6455685
425,35.3219987,-80.6604702
369,35.3240499,-80.6435362
318,35.05394611,-80.74980391
315,35.32706,-80.648073
313,35.1415282,-80.6251282
272,35.36531067,-80.70077515
223,35.363425,-80.713061
138,35.35398483,-80.70397949
119,35.1412136,-80.6239791
114,35.372968,-80.6852059
104,35.3184247,-80.6624269
68,35.335627,-80.922953
