num,lat,lon
10635,35.3741825,-80.7231874
10624,35.0821133,-80.676553
10609,35.37384895,-80.72746624
10607,35.0884127,-80.6899656
10598,35.3740701,-80.7230109
10597,35.37945921,-80.7299294
10596,35.3750084,-80.7253273
10592,35.3528204,-80.6884697
10591,35.3725111,-80.7136566
10590,35.371267,-80.7146538
10589,35.405192,-80.714839
10581,35.0840324,-80.6735771
10571,35.09423,-80.938163
10566,35.3515871,-80.6866056
10563,35.36972076,-80.72321735
10562,35.1400011,-80.6233575
10555,35.354047,-80.704077
10551,35.3733319,-80.7222949
10549,35.07687271,-80.93463242
10535,35.369521,-80.724859
10534,35.3751457,-80.7259546
10530,35.0352521,-80.9708273
10529,35.0331339,-80.9689321
10520,35.3713497,-80.7184469
10518,35.372569,-80.7267414
10517,35.0349091,-80.9726083
10513,35.3648079,-80.7088519
10512,35.3746512,-80.7257594
10507,35.0954529,-80.9386585
10496,35.0630611,-80.9937419
10488,35.3614964,-80.7120689
10485,35.0604415,-80.994547
10472,35.3712142,-80.7169504
10470,35.1418387,-80.6236933
10463,35.3669,-80.7103
10461,35.36610338,-80.7216154
10446,35.06887349,-80.70077598
10442,35.361612,-80.702084
10438,35.1412136,-80.6239791
10428,35.3741532,-80.72453499
10427,35.0286102,-80.9675551
10421,35.3725747,-80.7223242
10404,35.3689981,-80.7222273
10403,35.3740701,-80.7230109
10352,35.3692222,-80.7221259
10351,35.0391228,-80.9789329
10275,35.3710262,-80.6633996
10274,35.0428606,-80.9876937
10273,35.1220146,-80.6537565
10272,35.085443,-80.696968
10265,35.03498644,-80.97031837
10259,35.0340155,-80.966148
10247,35.0560488,-81.0045182
10239,35.0603864,-80.996515
10235,35.32626724,-80.64823914
10215,35.0907768,-80.9413715
10212,35.0593126,-80.9894232
10211,35.368524,-80.72118
10210,35.0776665,-80.6531627
10205,35.09237967,-80.93705824
10204,35.0931659,-80.937239
10203,35.0352038,-80.9707131
10189,35.0615913,-80.9928264
10188,35.0438877,-80.9876623
10187,35.0287598,-80.9684753
10176,35.0102424,-80.9454946
10170,35.0627433,-80.959138
10167,35.0073697,-80.9450759
10166,35.0758428,-80.934028
10165,35.0065867,-80.9311281
10157,35.03553966,-80.97218818
10156,35.0310555,-80.9651501
10149,35.036796,-80.975731
10148,35.0592818,-80.9911066
10143,35.03893133,-80.9795111
10135,35.0819793,-80.6925926
10133,35.3212158,-80.6601341
10126,35.0615949,-80.9927803
10124,35.0066493,-80.9354475
10119,35.0222095,-80.9767018
10111,35.08474,-80.6982745
10110,35.3216744,-80.6498164
10109,35.1619667,-80.9696524
10098,35.174647,-80.706781
10095,35.3215705,-80.6525614
10090,35.3237528,-80.6559017
10077,35.0783825,-80.9342203
10074,35.3348066,-80.624391
10073,35.3199452,-80.6687195
10064,35.368875,-80.710646
10063,35.372239,-80.718169
10062,35.0286191,-80.9671158
10057,35.371553,-80.718653
10056,35.0597951,-80.9922939
10042,35.0486384,-80.6475554
10040,35.16831546,-80.97
10030,35.171097,-80.9635474
10026,35.3673348,-80.7106571
10025,35.37100287,-80.66337399
10006,35.367101,-80.665846
10004,35.057393,-80.9345249
10003,35.0864932,-80.6715157
9999,35.3856909,-80.6917261
9998,35.3726314,-80.7163162
9993,35.3692222,-80.7221259
9992,35.372441,-80.7134858
9991,35.3660006,-80.7128357
9983,35.3684275,-80.710397
9981,35.0609653,-80.961812
9970,35.0768141,-80.6692352
9969,35.0485407,-80.6463282
9965,35.37392981,-80.72750206
9964,35.0320565,-80.96594453
9960,35.366532,-80.709297
9959,35.369308,-80.72227
9958,35.0466773,-80.9897848
9954,35.044695,-80.655398
9946,35.08755,-80.6560931
9945,35.0775979,-80.6679652
9944,35.040852,-80.66616
9943,35.3692222,-80.7221259
9941,35.36537,-80.7076031
9938,35.383162,-80.6948819
9937,35.36954693,-80.71739852
9936,35.085982,-80.67972
9932,35.370587,-80.724263
9908,35.364564,-80.7103562
9906,35.3866256,-80.7131794
9905,35.0391228,-80.9789329
9904,35.1412136,-80.6239791
9891,35.0837216,-80.6615303
9890,35.0678584,-80.6775771
9880,35.0469722,-80.6478874
9874,35.09375565,-80.66895029
9871,35.372622,-80.715107
9868,35.0304368,-80.9695895
9867,35.06005434,-80.99370133
9863,35.375107,-80.7242072
9862,35.0270661,-80.9690986
9852,35.08490321,-80.63452207
9840,35.32159182,-80.65134689
9826,35.344646,-80.886235
9819,35.344646,-80.886235
9810,35.401123,-80.7137871
9798,35.3750016,-80.7288826
9773,35.1415282,-80.6251282
9772,35.0702265,-80.6992856
9771,35.093229,-80.690161
9746,35.369155,-80.715969
9744,35.3660988,-80.7085115
9740,35.3657279,-80.7153772
9734,35.329341,-80.94596
9730,35.0959529,-80.9340765
9728,35.141265,-80.6132329
9675,35.09412,-80.63874
9653,35.0454777,-80.9910831
9651,35.0841215,-80.6969545
9639,35.0616038,-80.9539262
9629,35.3263106,-80.6484124
9627,35.0606461,-80.9647923
9626,35.030082,-80.966288
9609,35.0300602,-80.9692021
9605,35.1075452,-80.6340605
9601,35.3243372,-80.9476967
9596,35.3662228,-80.7109924
9595,35.089237,-80.695618
9594,35.1403132,-80.6232468
9583,35.3232661,-80.9462201
9573,35.326506,-80.6464843
9572,35.141224,-80.622779
9552,35.321023,-80.650394
9551,35.099017,-80.678186
9548,35.0825277,-80.6726121
9522,35.0482879,-80.9930964
9511,35.092121,-80.689343
9487,35.171889,-80.9714935
9447,35.1236632,-80.6520965
9446,35.0819793,-80.6925926
9438,35.320953,-80.659377
9435,35.3239574,-80.9460663
9430,35.1254834,-80.6548497
9404,35.326869,-80.944742
9383,35.1412353,-80.6240395
9366,35.0482884,-80.9931062
9353,35.1400011,-80.6233575
9338,35.0944928,-80.6711978
9335,35.36901228,-80.72526506
9328,35.3221649,-80.6431953
9316,35.36922236,-80.72212603
9301,35.1734076,-80.7061618
9247,35.1254834,-80.6548497
9245,35.373265,-80.7253719
9244,35.3680504,-80.7217497
9243,35.4083046,-80.7120519
9210,35.0284881,-80.9673065
9209,35.0466773,-80.9897848
9173,35.152252,-80.682874
9165,35.3210046,-80.6518988
9148,35.0281325,-80.9682051
9147,35.0918457,-80.6887192
9141,35.3692222,-80.7221259
9139,35.062078,-80.93317
9138,35.019922,-80.96137
9137,35.09279388,-80.93604058
9122,35.174647,-80.706781
9117,35.344165,-80.6762162
9116,35.3650629,-80.7069552
9101,35.0709261,-80.6848318
9094,35.04659892,-80.99129194
9067,35.0870769,-80.6965079
9045,35.0682163,-80.7006024
9043,35.3515472,-80.6865507
9042,35.05743712,-80.93857527
9037,35.3643143,-80.7122786
9036,35.3743171,-80.7275842
9035,35.3859681,-80.6932224
9034,35.3675643,-80.7111718
9027,35.0370605,-80.9615861
9023,35.3746512,-80.7257594
9022,35.368547,-80.7094736
9013,35.367101,-80.665846
9011,35.0483148,-80.9934877
8999,35.09918676,-80.93339705
8995,35.0270661,-80.9690986
8989,35.37173,-80.717495
8988,35.36966717,-80.72375279
8986,35.3689981,-80.7222273
8985,35.3740759,-80.7287636
8966,35.339194,-80.681032
8962,35.037988,-80.961536
8958,35.3681639,-80.7099427
8935,35.096163,-80.935699
8931,35.3747002,-80.725971
8930,35.3699306,-80.7158941
8928,35.378639,-80.7247984
8915,35.0465749,-80.989681
8901,35.0352521,-80.9708273
8891,35.1422713,-80.6227465
8887,35.0627783,-80.9925944
8886,35.3743315,-80.7276898
8867,35.3692222,-80.7221259
8860,35.170744,-80.7031049
8845,35.36998896,-80.72285056
8832,35.0398742,-80.98015403
8829,35.1236635,-80.6520963
8818,35.04732221,-80.99167664
8817,35.0604836,-80.9902453
8816,35.37493757,-80.72912701
8815,35.3648079,-80.7088519
8807,35.3671326,-80.7189466
8799,35.0697452,-80.6978443
8797,35.366737,-80.7136869
8796,35.365041,-80.709321
8794,35.3692222,-80.7221259
8793,35.364516,-80.7083789
8777,35.372799,-80.7271223
8776,35.36503408,-80.70136841
8775,35.3689981,-80.7222273
8772,35.0269943,-80.9692192
8770,35.3677624,-80.6668523
8769,35.3705065,-80.7152808
8767,35.1236635,-80.6520963
8754,35.0602047,-80.958764
8753,35.0616422,-80.9612159
8752,35.0589796,-80.9895682
8746,35.01011276,-80.94506073
8734,35.0547048,-81.0091949
8733,35.0532966,-80.9912268
8730,35.059585,-80.9893951
8728,35.0286391,-80.9671434
8713,35.04719114,-80.99086841
8680,35.03490732,-80.91443445
8679,35.0758428,-80.934028
8678,35.0587564,-80.9915964
8677,35.0603814,-80.9935933
8663,35.04967,-80.99063
8654,35.37338621,-80.7273837
8653,35.3697203,-80.72331463
8652,35.37021,-80.709194
8651,35.060252,-80.9906006
8650,35.084143,-80.697074
8643,35.363335,-80.711935
8642,35.3750016,-80.7288826
8626,35.0218936,-80.9770288
8611,35.3705892,-80.7261556
8610,35.3722151,-80.7186412
8609,35.345675,-80.677091
8597,35.1014968,-80.6817561
8596,35.1423486,-80.6244029
8580,35.3746512,-80.7257594
8578,35.0627828,-80.9920002
8567,35.09358999,-80.93572911
8566,35.0483346,-80.9922069
8552,35.08491588,-80.63440888
8546,35.3735275,-80.7226144
8542,35.3692222,-80.7221259
8541,35.4011232,-80.7137866
8537,35.3688916,-80.7223703
8536,35.366532,-80.709297
8535,35.3692222,-80.7221259
8534,35.3689981,-80.7222273
8520,35.05930774,-80.99067852
8509,35.330353,-80.94702
8497,35.0846279,-80.6948357
8489,35.060855,-80.689629
8487,35.3713427,-80.7184193
8486,35.3726988,-80.71475
8485,35.0288842,-80.967179
8464,35.096422,-80.940961
8449,35.3720213,-80.7218943
8448,35.3692222,-80.7221259
8447,35.38909,-80.71779
8416,35.0768141,-80.6692352
8412,35.3652503,-80.7014311
8411,35.37083826,-80.72509527
8410,35.4002719,-80.6972013
8405,35.0395806,-80.9792912
8404,35.0605792,-80.9707334
8394,35.125902,-80.655336
8368,35.1241238,-80.652799
8357,35.3164297,-80.6737802
8354,35.3682751,-80.664952
8353,35.3633173,-80.7032434
8350,35.0270661,-80.9690986
8342,35.0700667,-80.6764138
8320,35.36784142,-80.66506673
8318,35.37308163,-80.7272655
8316,35.3689981,-80.7222273
8291,35.0606459,-80.9647921
8290,35.0101194,-80.9142205
8288,35.0775508,-80.6545858
8274,35.366481,-80.711599
8267,35.0066952,-80.9332362
8266,35.09465649,-80.93535986
8238,35.3730474,-80.7302479
8234,35.0733381,-80.683917
8232,35.3513949,-80.888219
8226,35.0908771,-80.6634489
8211,35.069892,-80.6766353
8209,35.06785432,-80.64044467
8177,35.0644439,-80.6382992
8168,35.0728895,-80.637103
8147,35.3216522,-80.6503119
8146,35.3225144,-80.6458476
8112,35.073407,-80.651303
8095,35.0276375,-80.9680325
8094,35.0891248,-80.6886879
8080,35.3242679,-80.947736
8074,35.3692222,-80.7221259
8073,35.06875544,-80.70116222
8061,35.086181,-80.697093
8049,35.115307,-80.6725699
8043,35.1032362,-80.9437367
8041,35.06902628,-80.67873091
8036,35.0920173,-80.9243826
8035,35.0073697,-80.9450759
8027,35.3726526,-80.7158183
8021,35.074295,-80.685478
8020,35.073233,-80.6730504
7991,35.0391228,-80.9789329
7989,35.0682163,-80.7006024
7983,35.0780202,-80.6542454
7959,35.1030767,-80.6318856
7949,35.353006,-80.688579
7948,35.0596755,-80.9893854
7866,35.0825952,-80.6929055
7855,35.0489841,-80.6482181
7847,35.1725082,-80.9623051
7833,35.3226749,-80.9456189
7817,35.0606099,-80.7267275
7803,35.06115884,-80.98977394
7798,35.085903,-80.661836
7794,35.0463742,-80.6476286
7737,35.027862,-80.9676908
7735,35.0996445,-80.6765714
7729,35.3688916,-80.7223703
7728,35.0622886,-80.9621512
7727,35.09574763,-80.9361885
7725,35.1235235,-80.6541913
7696,35.04680536,-80.99135578
7681,35.0354342,-80.9721178
7677,35.02797956,-80.96802358
7675,35.0692931,-80.7028745
7651,35.1628458,-80.9696351
7647,35.063637,-80.9948674
7646,35.0613363,-80.9637365
7640,35.1069638,-80.6325591
7636,35.0537007,-80.6829768
7631,35.0250104,-80.9737658
7628,35.0796238,-80.6562536
7622,35.3747586,-80.7268659
7621,35.030433,-80.9666463
7614,35.3432169,-80.8909554
7609,35.32628107,-80.64635714
7606,35.0477787,-80.9898077
7605,35.0463497,-80.9914113
7604,35.03909142,-80.97898174
7603,35.3733319,-80.7222949
7602,35.4020244,-80.7159005
7594,35.0699713,-80.676481
7588,35.3689981,-80.7222273
7587,35.3726849,-80.7156774
7586,35.365369,-80.712093
7585,35.36999289,-80.664095
7568,35.0070615,-80.9466719
7560,35.3793918,-80.6995969
7559,35.0485407,-80.6463282
7556,35.3205552,-80.6508973
7543,35.0609653,-80.961812
7542,35.0616972,-80.9625682
7538,35.0325113,-80.9683385
7529,35.0682944,-80.6803335
7527,35.3726292,-80.7224467
7526,35.366203,-80.7088009
7524,35.0534523,-80.9923488
7517,35.0993019,-80.9337785
7511,35.36931501,-80.7225854
7510,35.3683879,-80.711993
7509,35.3741935,-80.7265916
7503,35.325556,-80.946923
7499,35.02848308,-80.96739527
7497,35.05140665,-80.6455858
7496,35.056481,-80.625946
7488,35.16346393,-80.9707925
7474,35.1412353,-80.6240395
7473,35.09131622,-80.67276764
7451,35.059577,-80.9903645
7448,35.367101,-80.665846
7445,35.0633721,-80.9913434
7443,35.0283185,-80.9674655
7435,35.3242679,-80.947736
7432,35.066659,-80.959564
7424,35.0591764,-80.9894372
7423,35.0352521,-80.9708273
7422,35.0615727,-80.9669292
7410,35.0492092,-80.6455685
7409,35.0659314,-80.6399724
7405,35.0479867,-80.9923712
7399,35.06866022,-80.70096374
7384,35.171981,-80.7085029
7382,35.0604924,-80.9911291
7379,35.0691844,-80.644429
7378,35.106441,-80.6339471
7377,35.076876,-80.649886
7355,35.3652036,-80.711404
7340,35.0768141,-80.6692352
7338,35.3665774,-80.7092924
7334,35.3644909,-80.7165077
7332,35.086886,-80.693772
7302,35.138347,-80.684464
7291,35.32405874,-80.64591944
7280,35.3577182,-80.8941149
7278,35.369582,-80.711495
7277,35.3707813,-80.7157904
7275,35.3643119,-80.7033521
7267,35.3219984,-80.6602857
7257,35.034217,-80.9696618
7248,35.07822389,-80.65395735
7244,35.0685438,-80.6768119
7236,35.3713178,-80.7183571
7234,35.3708493,-80.7169576
7233,35.3644761,-80.7046536
7230,35.385188,-80.6891052
7229,35.09830557,-80.93517087
7228,35.0702262,-80.6992856
7217,35.3692222,-80.7221259
7215,35.36480713,-80.70884705
7214,35.3741016,-80.7255435
7213,35.3648494,-80.7054554
7210,35.321591,-80.652494
7209,35.321683,-80.659621
7197,35.08322,-80.932803
7195,35.1725285,-80.9621447
7194,35.0776742,-80.934354
7193,35.077179,-80.6351986
7187,35.0785224,-80.6660801
7185,35.0918769,-80.6517719
7174,35.04840834,-80.99460125
7165,35.093402,-80.934661
7159,35.32205195,-80.65054592
7143,35.171889,-80.9714935
7035,35.32224,-80.653712
7034,35.3689712,-80.722079
7032,35.3675947,-80.6653594
7031,35.37472402,-80.72803259
7030,35.06113086,-80.98967152
7027,35.3250113,-80.6390695
7026,35.1707883,-80.9709659
7020,35.3263106,-80.6484124
7011,35.0492092,-80.6455685
7002,35.056667,-80.6260118
6994,35.10706,-80.6326628
6990,35.36472567,-80.71347389
6989,35.3692222,-80.7221259
6978,35.3692966,-80.6664807
6976,35.3641265,-80.710598
6975,35.0463497,-80.9914113
6966,35.320054,-80.667621
6958,35.0602696,-80.9585796
6940,35.0723165,-80.6429963
6925,35.3235654,-80.6470968
6924,35.326298,-80.648239
6913,35.0339208,-80.9701614
6903,35.3747002,-80.725971
6901,35.0520041,-80.9912518
6900,35.0339128,-80.9662389
6899,35.065007,-80.9909575
6888,35.3727562,-80.7227334
6885,35.04765295,-80.98981346
6875,35.0340684,-80.9693277
6874,35.03088297,-80.96559653
6871,35.3250738,-80.9463413
6837,35.05917965,-80.63191286
6832,35.0629127,-80.9933103
6826,35.3217178,-80.6597193
6817,35.0073697,-80.9450759
6805,35.1002534,-80.6769578
6785,35.3230118,-80.6450522
6769,35.322069,-80.656603
6768,35.3264265,-80.6467724
6762,35.321649,-80.952888
6738,35.37437258,-80.72498204
6736,35.32706,-80.648073
6731,35.3746431,-80.72599076
6714,35.3689165,-80.7221368
6712,35.3731897,-80.7249592
6711,35.38833712,-80.72315801
6693,35.3206043,-80.6497676
6672,35.3219956,-80.6603052
6668,35.1320288,-80.8398637
6656,35.0946896,-80.935999
6651,35.3515871,-80.6866056
6638,35.32191845,-80.6490469
6637,35.3219923,-80.6509039
6631,35.3219548,-80.651351
6624,35.3160328,-80.6772948
6623,35.105537,-80.6787499
6611,35.36034225,-80.69296401
6568,35.3238324,-80.6414929
6565,35.3229563,-80.9458671
6563,35.3193931,-80.673654
6548,35.100052,-80.6768452
6537,35.1032336,-80.9437676
6523,35.3199936,-80.6681304
6521,35.149765,-80.619173
6518,35.12361288,-80.65206841
6493,35.320269,-80.670979
6484,35.3226342,-80.6607541
6478,35.3260474,-80.6633109
6467,35.1707883,-80.9709659
6459,35.3184124,-80.672107
6446,35.3215705,-80.6525614
6442,35.3271726,-80.6480489
6427,35.173295,-80.710326
6426,35.0472868,-80.9905588
6425,35.11285264,-80.66809058
6422,35.3692527,-80.7095845
6343,35.2616908,-80.7193711
6330,35.3206068,-80.6497969
6316,35.3212209,-80.6600658
6310,35.0819661,-80.6593963
6309,35.0485975,-80.64774026
6293,35.3218983,-80.6602957
6261,35.32205387,-80.66041612
6254,35.335627,-80.922953
6249,35.370587,-80.718237
6247,35.0702265,-80.6992856
6246,35.0615429,-80.9927613
6234,35.0834889,-80.660058
6227,35.321343,-80.663276
6219,35.32590165,-80.64599376
6200,35.322251,-80.653602
6187,35.081001,-80.692319
6186,35.37294165,-80.72432109
6185,35.0616759,-80.961178
6184,35.0628996,-80.9932682
6150,35.35398483,-80.70397949
6143,35.171981,-80.7085029
6109,35.3222433,-80.6485454
6075,35.318805,-80.951975
6064,35.0850626,-80.6966371
6036,35.0588758,-80.9901452
6021,35.0880283,-80.6958404
6008,35.3210046,-80.6518988
5956,35.161759,-80.969013
5933,35.0387373,-80.9123199
5896,35.368956,-80.711873
5875,35.305157,-80.937302
5874,35.07636698,-80.91773048
5793,35.0870619,-80.6707725
5784,35.32634882,-80.64555057
5782,35.32223,-80.64847
5774,35.0689307,-80.6774328
5749,35.0056621,-80.9461774
5746,35.3731564,-80.7221835
5732,35.3258777,-80.9464172
5714,35.0047406,-80.9497734
5703,35.0476701,-80.6489763
5691,35.3223295,-80.6475116
5677,35.0665393,-80.6772804
5657,35.045022,-80.9981576
5641,35.3151057,-80.6820066
5640,35.0808084,-80.657196
5605,35.326298,-80.648239
5595,35.04552568,-80.64842915
5590,35.3566483,-80.9115691
5579,35.08904754,-80.92092633
5576,35.32164082,-80.65128875
5568,35.02674516,-80.96221535
5538,35.0216335,-80.9604801
5537,35.02244175,-80.96156055
5530,35.0838194,-80.6604093
5528,35.177256,-80.716392
5526,35.0752591,-80.663467
5521,35.096307,-81.023142
5492,35.3219726,-80.9521254
5457,35.354958,-80.930662
5385,35.0482284,-80.6469037
5384,35.1377963,-80.6836302
5371,35.3736728,-80.7230764
5344,35.133551,-80.781424
5314,35.0066952,-80.9332362
5312,35.3248229,-80.9480532
5289,35.33737913,-80.93515368
5285,35.315568,-80.677987
5280,35.0073697,-80.9450759
5272,35.08382,-80.66064
5271,35.0809333,-80.6573357
5256,35.0700806,-80.6763425
5255,35.103387,-80.631464
5210,35.0075507,-80.9234812
5203,35.1524343,-80.6799801
5202,35.0751901,-80.9174376
5201,35.0770331,-80.9345694
5185,35.3670998,-80.71853143
5177,35.0865715,-80.931214
5167,35.0073697,-80.9450759
5146,35.0758428,-80.934028
5145,35.078869,-80.649856
5139,35.03698237,-80.97597964
5138,35.09350714,-80.93765259
5137,35.04785894,-80.9890929
5124,35.0783825,-80.9342203
5100,35.076745,-80.651153
5062,35.053885,-80.683484
5054,35.0579385,-80.9353469
5053,35.09232,-80.93416
5041,35.0957069,-80.6524518
5040,35.088226,-80.655019
4981,35.09227595,-80.65324456
4970,35.0865715,-80.931214
4969,35.0571301,-80.9344997
4965,35.3225328,-80.9450291
4949,35.0479867,-80.9923712
4944,35.3232661,-80.9462201
4928,34.9964153,-80.9594394
4925,35.336087,-80.962264
4917,35.1288764,-80.8357004
4909,35.0571301,-80.9344997
4889,35.35030595,-80.91839815
4883,35.0469722,-80.6478874
4867,35.3450737,-80.88713837
4865,35.344646,-80.886235
4862,35.30359071,-80.93694065
4852,35.0870285,-80.69602203
4846,35.32056789,-80.65143809
4836,35.32706,-80.648073
4824,35.0632049,-80.9090891
4765,35.3223345,-80.6474519
4764,35.3226435,-80.6481118
4743,35.028202,-80.904797
4727,34.9985881,-80.9192576
4716,35.0069028,-80.93290407
4644,35.07848958,-80.65353178
4610,35.3156915,-80.6820744
4609,35.3176051,-80.6736693
4575,35.327245,-80.944451
4550,35.08285813,-80.66046506
4535,35.1286,-80.837
4518,35.1032362,-80.9437368
4481,35.135164,-80.778632
4471,35.0853027,-80.6983415
4468,35.10503,-80.683789
4452,35.3235541,-80.9467086
4388,35.3250995,-80.9463466
4380,35.0783825,-80.9342203
4331,35.0780284,-80.6542544
4330,35.0781592,-80.654396
4324,35.05204867,-80.99850092
4301,35.08530295,-80.69834087
4286,35.057392,-80.93453
4283,35.0082254,-80.9435996
4282,35.0593126,-80.9894232
4267,35.0323966,-80.9704541
4266,35.0428873,-80.987646
4263,35.0625056,-80.9921208
4262,35.0627925,-80.9918763
4261,35.3370264,-80.9687004
4257,35.319499,-80.952736
4252,35.03086886,-80.96698523
4251,35.0364402,-80.9627776
4250,35.09386513,-80.93588732
4241,35.0591764,-80.9894372
4234,35.32820806,-80.94492199
4228,35.0339014,-80.9662044
4225,35.0543181,-81.00739337
4216,35.0931968,-80.9377495
4215,35.05963135,-80.98939514
4209,35.325861,-80.94644
4206,35.0103741,-80.9722774
4197,35.0475902,-80.9912443
4187,35.16975787,-80.963379
4186,35.326298,-80.648239
4184,35.0993019,-80.9337785
4183,35.0966801,-80.9502834
4173,35.1725082,-80.9623051
4158,35.3221239,-80.9540011
4139,35.3195105,-80.9527442
4126,35.0864222,-80.6962414
4074,35.354958,-80.930662
4041,35.0989818,-80.6765751
3973,35.37427761,-80.73047157
3971,35.138222,-80.683397
3938,35.08412206,-80.69688264
3927,35.060062,-80.6319502
3921,35.0589796,-80.9895682
3894,35.324971,-80.947602
3887,35.3191012,-80.953023
3873,35.103934,-80.6808099
3863,35.1729182,-80.708541
3858,35.17198483,-80.70846296
3852,35.0571534,-80.9918698
3834,35.1721064,-80.9618953
3825,35.33667,-80.9623142
3818,35.06307524,-80.99316091
3816,35.13962,-80.683988
3807,35.3220605,-80.6504363
3805,35.13823418,-80.68349786
3726,35.0531348,-80.9919654
3720,35.1697584,-80.9452917
3695,35.0073697,-80.9450759
3694,35.0284881,-80.9673065
3663,35.0632104,-80.994055
3660,35.0993229,-80.933739
3601,35.0955682,-80.935907
3555,35.0286391,-80.9671434
3532,35.0073697,-80.9450759
3531,35.0286391,-80.9671434
3518,35.0474,-80.648068
3516,35.367745,-80.668218
3428,35.05714641,-80.93384535
3424,35.0075716,-80.9233594
3423,35.083821,-80.659603
3420,35.007335,-80.9265142
3418,35.324815,-80.948051
3400,35.0888285,-80.6646822
3399,35.0084938,-80.9424731
3386,35.335771,-80.9614862
3384,35.106656,-80.632932
3368,34.99672891,-80.96677803
3343,35.32555,-80.947298
3339,35.0733291,-80.6839306
3338,35.0474369,-80.646318
3330,35.0958622,-80.9409437
3302,35.09242902,-80.93650594
3299,35.37165,-80.736476
3295,35.068828,-80.678751
3290,35.0286391,-80.9671434
3286,35.0789507,-80.6552278
3285,35.0636683,-80.6379859
3284,35.36235794,-80.70495255
3282,35.051043,-80.955548
3275,35.00858364,-80.94333056
3269,35.07940162,-80.65501951
3256,35.0700787,-80.6763986
3249,35.0768141,-80.6692352
3248,35.0675206,-80.6787858
3247,35.0855669,-80.6622769
3246,35.0467746,-80.647738
3241,35.0835017,-80.660072
3225,35.0691164,-80.6443362
3224,35.0874949,-80.656051
3208,35.0836734,-80.6605717
3198,35.0592218,-80.9894325
3185,35.009941,-80.934906
3181,35.0803494,-80.6611322
3154,35.03503689,-80.97079357
3151,35.0889063,-80.922473
3147,34.990158,-80.951638
3142,35.085201,-80.635055
3138,35.0860645,-80.9328253
3111,35.006018,-80.942836
3091,35.3191012,-80.953023
3074,35.085292,-80.932416
3070,35.007573,-80.9233513
3068,35.0689849,-80.6786911
3065,34.9978104,-80.9729604
3062,35.0762666,-80.6603655
3061,35.0073697,-80.9450759
3060,35.0822762,-80.9347478
3041,35.0486079,-80.6475013
3034,35.0783825,-80.9342203
3030,35.0779946,-80.6542177
3024,35.371099,-80.7242634
3005,35.0474,-80.648068
2991,35.038184,-80.97804
2990,35.0215202,-80.9608212
2980,35.00951615,-80.94257534
2955,35.0850945,-80.6569044
2948,35.0587523,-80.9914294
2947,35.0603265,-80.9921999
2928,35.0616557,-80.9538929
2927,35.0302663,-80.9131861
2916,35.336302,-80.961875
2910,35.0789536,-80.6555407
2902,35.0777216,-80.934358
2901,35.131469,-80.780094
2897,35.103404,-80.6800872
2893,35.084966,-80.660843
2892,35.07835394,-80.65311031
2887,35.048491,-80.6462169
2871,35.065483,-80.678072
2864,35.133611,-80.778675
2862,35.067394,-80.729343
2856,35.326298,-80.648239
2845,35.03899122,-80.97888619
2844,35.06805577,-80.67714682
2835,35.373437,-80.725888
2834,35.01636787,-80.9450759
2831,35.0760939,-80.6503258
2818,35.0659312,-80.6399726
2798,35.00688634,-80.93994888
2797,35.089419,-80.920421
2795,35.0867426,-80.6962257
2785,35.0867426,-80.6962257
2779,35.0129002,-80.9489269
2765,35.172913,-80.709081
2761,35.075757,-80.9363545
2735,35.0276412,-80.9683241
2674,35.16942913,-80.97003758
2652,35.325556,-80.946923
2629,35.06221066,-80.963506
2598,35.0463497,-80.9914113
2595,35.3566483,-80.9115691
2553,35.1708474,-80.9707484
2513,35.1026129,-80.9395934
2492,35.169128,-80.9704097
2491,35.06427204,-80.72688427
2489,35.1688538,-80.9461197
2456,35.07547553,-80.93390445
2443,35.0947586,-80.9352329
2442,35.0613307,-80.9635178
2436,35.10028989,-80.63709196
2433,35.0781245,-80.6543593
2428,35.0080348,-80.9435142
2427,35.0876759,-80.9334512
2420,35.07768978,-80.93423612
2417,35.0072261,-80.9391404
2385,35.336302,-80.961875
2380,35.107445,-80.681043
2368,35.0624638,-80.6339452
2339,35.1640866,-80.7003475
2299,35.100511,-80.677423
2297,35.138976,-80.684272
2296,35.1699492,-80.9709364
2286,35.0890248,-80.9322527
2283,35.0486079,-80.6475013
2269,35.3498581,-80.6904951
2263,35.1463075,-80.6813893
2254,35.0857901,-80.6625311
2253,35.0669,-80.6382
2238,35.066409,-80.959521
2233,35.0544692,-81.0073958
2221,35.0074015,-80.9247843
2198,35.0082736,-80.920053
2197,35.0632165,-80.9090956
2189,35.0352038,-80.9707131
2178,35.0776742,-80.934354
2177,34.99681851,-80.96725339
2174,35.008333,-80.978686
2156,35.0474,-80.648068
2155,35.3736381,-80.7260869
2071,35.0067352,-80.9342307
2069,35.0486382,-80.6475556
2044,35.0860907,-80.9328191
2043,35.080225,-80.917688
2040,35.0486382,-80.6475556
2035,35.007817,-80.94416231
2031,35.04875148,-80.64718128
2016,35.07672834,-80.64934798
2008,35.0070559,-80.9355871
1997,35.0642386,-80.6380198
1994,35.0603452,-80.9931779
1993,35.05415066,-80.91477832
1989,35.0404714,-80.9145807
1988,35.075757,-80.9363545
1975,35.0486077,-80.6475015
1974,35.101845,-80.647723
1973,35.085201,-80.635055
1969,35.0659312,-80.6399726
1967,35.03470649,-80.97217007
1964,35.13571198,-80.7788229
1962,35.369968,-80.717161
1956,35.078131,-80.9342425
1947,35.0916089,-80.9253825
1928,35.075757,-80.9363545
1925,35.1348393,-80.7807622
1923,35.0286102,-80.9675551
1919,35.35323593,-80.88615435
1910,35.0080475,-80.9435262
1899,35.0756386,-80.9361284
1891,35.0056741,-80.9455681
1890,35.00693259,-80.933282
1886,35.0838193,-80.6604096
1885,35.0779426,-80.6675653
1883,35.38139127,-80.64982742
1879,35.0777216,-80.934358
1878,35.0042934,-80.9453787
1870,35.072889,-80.641082
1862,35.03506889,-80.94737315
1859,35.0848717,-80.6615329
1852,35.081264,-80.6598099
1838,35.08769029,-80.65642621
1827,35.1031214,-80.6286339
1825,35.1290308,-80.6339545
1824,35.0776361,-80.6679717
1823,35.0697039,-80.6768201
1819,35.0492092,-80.6455685
1818,35.0780269,-80.6542532
1813,35.0070779,-80.9277946
1798,35.0075729,-80.9439445
1787,35.0217344,-80.9603226
1786,35.0077478,-80.9441928
1785,35.0887429,-80.9316445
1779,35.0082254,-80.9435996
1775,35.088226,-80.655019
1774,35.04889679,-80.64794159
1769,35.0087911,-80.9441462
1735,35.0701145,-80.6763532
1727,35.0702265,-80.6992856
1713,35.0066897,-80.94473664
1712,35.3706767,-80.6651482
1710,35.3692222,-80.7221259
1706,35.061017,-80.958896
1699,35.0277645,-80.9689238
1694,35.3713178,-80.7183571
1693,35.047,-80.9958
1692,35.060207,-80.96429877
1687,35.3680822,-80.7114964
1682,35.3635257,-80.7159078
1667,35.3692136,-80.6640323
1666,35.0330416,-80.9641435
1658,35.3783498,-80.6561837
1656,35.361052,-80.71121
1655,35.3515472,-80.6865507
1651,35.363335,-80.711935
1650,35.3672972,-80.7128584
1649,35.36082943,-80.68725523
1648,35.0281851,-80.9681086
1643,35.3723248,-80.7230133
1640,35.3653137,-80.7015469
1637,35.0281325,-80.9682051
1636,35.0895889,-80.68802
1631,35.1220276,-80.6539511
1618,35.095935,-80.677429
1588,35.3692222,-80.7221259
1579,35.3727563,-80.7227336
1573,35.0002768,-80.97824715
1571,35.0275597,-80.9683719
1570,35.0603957,-80.9932098
1545,35.0591309,-80.9894419
1543,35.030903,-80.967042
1542,35.09182165,-80.68771362
1540,35.3692222,-80.7221259
1539,35.368479,-80.7211883
1538,35.3734517,-80.72265677
1536,35.0354342,-80.9721178
1535,35.0305762,-80.96728563
1534,35.0889894,-80.6910178
1530,35.36900862,-80.72197056
1518,35.0651232,-80.9929315
1517,35.03152521,-80.96760516
1516,35.0312586,-80.9673616
1508,35.0312601,-80.9674228
1501,35.1254834,-80.6548497
1468,35.3654322,-80.7111543
1454,35.364255,-80.710632
1453,35.14011069,-80.62475199
1448,35.0611657,-80.9587205
1447,35.09182165,-80.94245911
1443,35.048263,-80.992767
1431,35.0251919,-80.9730424
1430,35.3721161,-80.72260489
1429,35.369405,-80.7095
1405,35.0217327,-80.960325
1404,35.0617038,-80.9650365
1403,35.37031595,-80.72140587
1368,35.039266,-80.961223
1367,35.0275597,-80.9683719
1366,35.0363743,-80.9657621
1358,35.3727564,-80.7227339
1357,35.37036843,-80.71786433
1328,35.0284881,-80.9673065
1317,35.301581,-80.935997
1314,35.14218114,-80.62501766
1302,35.17464162,-80.706786
1287,35.0723165,-80.6429963
1255,35.019945,-80.957751
1254,35.0282264,-80.9653814
1234,35.006134,-80.9428803
1226,35.0768141,-80.6692352
1225,35.04891155,-80.6467963
1214,35.006133,-80.942889
1213,35.140388,-80.623594
1194,35.08552874,-80.63621286
1183,35.37292,-80.727223
1171,35.04857129,-80.64729918
1162,35.3706054,-80.7099083
1161,35.370239,-80.710709
1156,35.0879376,-80.6546395
1150,35.02727863,-80.96854853
1145,35.32069682,-80.65138381
1132,35.12226233,-80.65304842
1113,35.3648079,-80.7088519
1112,35.3689757,-80.7221502
1111,35.37192206,-80.72264275
1086,35.06989918,-80.69876298
1080,35.1318897,-80.8397628
1069,35.3668718,-80.7123008
1051,35.3499883,-80.6909682
1039,35.0783402,-80.9342194
1003,35.321591,-80.652494
1000,35.1379699,-80.684457
993,35.0272732,-80.9691781
992,35.0346238,-80.9692679
964,35.31562667,-80.67418583
943,35.17256553,-80.70873982
942,35.3705892,-80.7261556
941,35.3692222,-80.7221259
934,35.3164366,-80.6737833
919,35.32458209,-80.94645292
902,35.171889,-80.9714935
867,35.0615768,-80.9674798
864,35.0483476,-80.9921584
860,35.322251,-80.653602
855,35.0644391,-80.7279894
813,35.0461239,-80.6490714
810,35.0858369,-80.6349364
798,35.3212518,-80.6596541
760,35.0483346,-80.9922069
729,35.07584043,-80.66013984
726,35.170943,-80.9712712
716,35.17276032,-80.70860568
693,35.319499,-80.952736
692,35.3172726,-80.6750919
667,35.3209568,-80.6625822
642,35.0493422,-80.6456398
632,35.137279,-80.686552
609,35.3444415,-80.8867048
606,35.0749142,-80.6509318
576,35.0913827,-80.6847101
560,35.3209599,-80.6625455
549,35.080449,-80.6608388
540,35.3264265,-80.6467724
539,35.00883857,-80.91404915
527,35.08447899,-80.69833223
500,35.3692222,-80.7221259
481,35.329424,-80.945634
477,35.0879601,-80.932298
457,35.0492092,-80.6455685
425,35.3219987,-80.6604702
421,35.10714257,-80.6344986
402,35.0087239,-80.9149577
401,35.0580401,-80.937064
391,35.1394829,-80.6842644
369,35.3240499,-80.6435362
364,35.0680794,-80.6762192
353,34.9996493,-80.9389047
318,35.05394611,-80.74980391
316,35.1687925,-80.9710893
315,35.32706,-80.648073
313,35.1415282,-80.6251282
281,35.1386437,-80.6822278
272,35.36531067,-80.70077515
256,35.0073697,-80.9450759
248,35.0697041,-80.6768203
245,35.052784,-80.9924047
223,35.363425,-80.713061
216,35.0071365,-80.9472336
214,35.0776742,-80.934354
202,35.0898076,-80.9323045
196,35.0474652,-80.9918522
168,35.0829809,-80.700143
138,35.35398483,-80.70397949
119,35.1412136,-80.6239791
114,35.372968,-80.6852059
104,35.3184247,-80.6624269
78,35.0768141,-80.6692352
77,35.0768141,-80.6692352
68,35.335627,-80.922953
63,35.04654555,-80.99046072
22,35.0108347,-80.9479422
21,34.9978104,-80.9729604
