num,lat,lon
10646,35.007098,-80.8546072
10643,35.1675324,-80.8507957
10642,35.1902414,-80.9220645
10641,35.2214228,-80.9437985
10638,35.1717353,-80.8492716
10634,35.286004,-80.727315
10633,35.17172653,-80.84786612
10632,35.2214228,-80.9437985
10629,35.0039815,-80.8565623
10628,35.212973,-80.9097127
10626,35.1717353,-80.8492716
10621,35.1732693,-80.8477808
10615,35.21138399,-80.93771707
10614,35.1716819,-80.846982
10610,35.145919,-80.824855
10608,35.1746489,-80.8397621
10605,35.0230605,-80.848618
10585,35.1719057,-80.8476871
10584,35.22422307,-80.94029017
10582,35.317141,-80.777561
10580,35.1769466,-80.8518392
10578,35.14645013,-80.82700323
10577,35.01647,-80.852317
10568,35.0268102,-80.8388345
10542,35.02971194,-80.85532252
10528,35.17464145,-80.84857777
10527,35.1902724,-80.9287913
10523,35.1480241,-80.8333234
10522,35.24091503,-80.86752877
10516,35.3409328,-80.7697622
10506,35.0602743,-80.8599078
10505,35.024082,-80.848949
10500,35.0475984,-80.8160798
10495,35.0558098,-80.8536889
10492,35.1523852,-80.8321253
10483,35.054372,-80.847722
10477,35.0539776,-80.8486842
10464,35.1488002,-80.835022
10445,35.1518374,-80.8304036
10440,35.1716684,-80.8492639
10436,35.153958,-80.8278787
10431,35.1801907,-80.9292372
10430,35.15101788,-80.83149761
10426,35.0464834,-80.8501238
10422,35.1475759,-80.8262593
10420,35.080088,-80.818321
10419,35.052666,-80.847324
10418,35.03068125,-80.85193403
10411,35.028656,-80.8511594
10408,35.156752,-80.8311106
10407,35.1523851,-80.8321252
10391,35.1567983,-80.8241569
10389,35.30028731,-80.80550618
10375,35.151679,-80.830965
10371,35.1523851,-80.8321252
10353,35.188412,-80.810255
10350,35.0568632,-80.8535525
10332,35.1744096,-80.8394241
10329,35.2757449,-80.8111554
10321,35.14927099,-80.82758009
10319,35.2367091,-80.7745147
10317,35.2461191,-80.8569789
10286,35.156466,-80.799773
10277,35.212973,-80.9097127
10276,35.1499169,-80.8390885
10250,35.195314,-80.7491563
10246,35.003034,-80.857643
10241,35.3432482,-80.7690779
10234,35.33449,-80.773601
10225,35.1591297,-80.7922391
10216,35.181883,-80.863632
10209,35.0592852,-80.8497652
10206,34.9793044,-80.8559929
10201,35.235092,-80.787771
10199,35.2911356,-80.735185
10193,35.3104162,-80.7505771
10186,35.3371489,-80.755757
10173,35.2503035,-80.7799268
10169,35.078856,-80.817685
10164,35.30580902,-80.72343445
10161,35.3160993,-80.6999907
10153,35.3363946,-80.7555053
10152,35.3431318,-80.7687321
10142,35.33702,-80.756294
10139,35.0021658,-80.8561706
10136,35.3013752,-80.7573566
10118,35.17177807,-80.84928453
10114,35.3179488,-80.7382102
10113,35.31059902,-80.74897078
10108,35.3143399,-80.7513536
10107,35.3289163,-80.7385921
10106,35.3019365,-80.7491376
10105,35.2878789,-80.76124
10101,35.302143,-80.7477477
10092,35.18712201,-80.91017399
10087,35.31105684,-80.71599438
10086,35.3052993,-80.7510223
10079,35.1412733,-80.8524462
10072,35.301962,-80.747675
10071,35.3171442,-80.7402025
10070,35.33982468,-80.76509094
10060,35.0418887,-80.8551438
10059,35.172105,-80.805705
10050,35.1718223,-80.8071432
10044,35.2958113,-80.7622032
10041,35.177285,-80.798546
10039,35.243569,-80.938286
10029,35.22579,-80.946752
10023,35.33702,-80.756294
10019,35.17599417,-80.80262247
10014,35.1357712,-80.9043707
10005,35.1746489,-80.8397621
10001,35.2557159,-80.8267064
9997,35.05347507,-80.85160945
9996,35.1528675,-80.825681
9990,35.1745118,-80.840034
9982,35.1790499,-80.834115
9956,35.0226467,-80.8468071
9953,35.1757633,-80.8026678
9952,35.177104,-80.798331
9950,35.0119916,-80.8514385
9949,35.1713096,-80.8075031
9939,35.024082,-80.848949
9922,35.3121668,-80.7450891
9898,35.3438321,-80.7712215
9896,35.0526071,-80.8514887
9895,35.05395067,-80.85143526
9878,35.310622,-80.749274
9870,35.30141,-80.806965
9858,35.316376,-80.7400066
9842,35.060754,-80.815083
9838,35.30371922,-80.74931555
9837,35.303249,-80.748523
9825,35.295133,-80.746474
9824,35.005261,-80.855005
9808,35.23758715,-80.93934674
9806,35.202137,-80.781657
9796,35.174778,-80.839997
9786,35.1523852,-80.8321253
9783,35.1660032,-80.7934798
9776,35.052465,-80.8173192
9770,35.0531218,-80.84715
9751,35.2920333,-80.7424548
9742,35.2355584,-80.9425707
9733,35.0147118,-80.8515
9732,35.3424536,-80.7706758
9727,35.24254683,-80.93922218
9722,35.17592464,-80.80220057
9718,35.0580396,-80.8175251
9712,35.3057571,-80.7233792
9708,35.0138897,-80.8507499
9705,35.05245653,-80.85121807
9704,35.029324,-80.850153
9703,35.0522883,-80.850665
9696,35.0527124,-80.8463425
9689,35.05277023,-80.84741245
9687,35.2749546,-80.8064944
9686,35.151851,-80.829063
9671,35.1546001,-80.8349133
9664,35.1716982,-80.8469688
9663,35.2214228,-80.9437985
9654,35.1752678,-80.8492694
9650,35.1472728,-80.8245568
9647,35.29623174,-80.73860465
9645,35.1523851,-80.8321252
9644,35.1542135,-80.824381
9643,35.2322834,-80.9442538
9636,35.3113765,-80.7552172
9635,35.3301529,-80.7325287
9630,35.118594,-80.8640719
9624,35.05362,-80.8127418
9623,35.0263876,-80.8388286
9619,35.1937638,-80.9395769
9613,35.1513865,-80.8277673
9612,35.1712321,-80.8468326
9598,35.27671,-80.798997
9597,35.324408,-80.774464
9589,35.1546001,-80.8349133
9588,35.1523851,-80.8321252
9587,35.1523852,-80.8321253
9586,35.1811188,-80.8488498
9585,35.174878,-80.8487449
9582,35.1767128,-80.7940452
9580,35.0527124,-80.8463425
9578,35.0562941,-80.8353961
9577,35.278547,-80.734543
9571,35.02617466,-80.83946228
9570,35.0531562,-80.8471264
9566,35.1523852,-80.8321253
9557,35.1523852,-80.8321253
9549,35.0622617,-80.8561375
9540,35.1717353,-80.8492716
9539,35.296036,-80.7637759
9534,35.116603,-80.858247
9524,35.1530651,-80.8280475
9523,35.17242436,-80.8631751
9519,35.0534708,-80.8519098
9518,35.059522,-80.839297
9509,35.2242345,-80.9403374
9505,35.0560059,-80.8528369
9501,35.17221362,-80.84896463
9493,35.15291697,-80.8330052
9489,35.1751407,-80.8021574
9488,35.1752899,-80.797602
9486,35.242273,-80.937658
9485,35.058131,-80.8149679
9483,35.1546001,-80.8349133
9479,35.0295307,-80.8509383
9478,35.02723114,-80.83919942
9476,35.2557159,-80.8267064
9473,35.2322834,-80.9442538
9467,35.168274,-80.8513105
9464,35.195314,-80.7491563
9452,35.147102,-80.8311382
9445,35.2808876,-80.7935579
9444,35.15514014,-80.83334953
9443,35.1481799,-80.83160877
9442,35.2206969,-80.9412414
9434,35.199383,-80.7786771
9432,35.3070841,-80.7209367
9428,35.1904683,-80.9279432
9423,35.1892534,-80.8303712
9415,35.0033653,-80.8545677
9396,35.11719645,-80.8573927
9392,35.165542,-80.851341
9388,35.0068254,-80.8549184
9386,35.15249,-80.834284
9377,35.174569,-80.84851
9376,35.1752633,-80.849552
9373,35.17638016,-80.79759216
9370,35.11701043,-80.85672524
9367,35.1902724,-80.9287913
9363,35.0039815,-80.8565623
9362,35.1699086,-80.8512056
9361,35.175325,-80.849762
9359,35.1903001,-80.92187902
9356,35.2638734,-80.7529897
9355,35.002045,-80.856827
9348,35.146206,-80.82726
9347,35.1467207,-80.8282062
9330,35.29642327,-80.74926496
9322,35.1541492,-80.828582
9321,35.1560629,-80.8247924
9320,35.1520803,-80.8313647
9319,35.290614,-80.796351
9318,35.2227086,-80.9409104
9315,35.0267212,-80.8387937
9313,35.0536312,-80.8126658
9306,35.305936,-80.7632564
9304,35.163172,-80.849744
9298,35.17426058,-80.84023303
9295,35.2356997,-80.9428038
9294,35.02678679,-80.84010142
9289,35.1527751,-80.8393925
9288,35.14723712,-80.83014685
9281,35.3190218,-80.7767079
9279,35.174287,-80.84826
9278,35.1732548,-80.8400143
9274,35.312981,-80.780129
9273,35.337229,-80.756654
9267,35.2205011,-80.9440948
9255,35.208554,-80.913437
9254,35.21935925,-80.94256639
9251,35.17422927,-80.84814191
9241,35.174061,-80.83984
9240,35.04200503,-80.86243272
9239,35.055882,-80.853836
9236,35.2205241,-80.944528
9232,35.3175247,-80.778361
9225,35.1460114,-80.8252838
9224,35.1517748,-80.8393366
9219,35.22045781,-80.94419897
9204,35.29385256,-80.75060684
9186,35.0558229,-80.853652
9185,35.15025412,-80.83736683
9184,34.9792649,-80.8560373
9174,35.1480241,-80.8333234
9171,35.1474808,-80.8429591
9163,35.230396,-80.7836227
9154,35.317641,-80.771745
9151,35.2097028,-80.9310786
9135,35.266347,-80.795679
9129,35.34221,-80.770543
9120,35.02626911,-80.83907034
9112,35.3151134,-80.6998179
9108,35.2322834,-80.9442538
9107,35.17804,-80.854719
9099,35.343136,-80.766572
9090,35.150854,-80.835843
9089,35.0039815,-80.8565623
9085,35.1902414,-80.9220645
9077,35.3095894,-80.7493829
9073,34.9941161,-80.8554753
9070,35.15268677,-80.83308027
9046,35.00380596,-80.85657653
9044,35.17879,-80.863558
9041,35.0568632,-80.8535525
9028,35.14610739,-80.8275065
9021,35.1517003,-80.830323
9019,35.1717318,-80.8505348
9018,35.0777811,-80.8165777
9015,35.054347,-80.812988
9014,35.053486,-80.815603
9006,35.3418732,-80.7679705
9001,35.0540992,-80.8519389
8993,35.1744096,-80.8394241
8992,35.05377579,-80.8467865
8990,35.19363062,-80.7491563
8984,35.299575,-80.805436
8980,35.0535496,-80.8211696
8979,35.059265,-80.8521231
8978,35.175316,-80.84933
8977,35.00949505,-80.85382216
8971,35.056411,-80.8354073
8965,35.235092,-80.787771
8957,35.1716982,-80.8469688
8956,35.1733176,-80.847734
8954,35.2204347,-80.9410762
8951,35.252967,-80.855942
8948,35.1504276,-80.8376229
8941,35.00204108,-80.85617781
8939,35.058622,-80.813926
8937,35.289343,-80.798043
8925,35.1750399,-80.8492451
8920,35.171736,-80.847091
8919,35.1737472,-80.8510416
8916,35.1520694,-80.8396464
8913,35.1727361,-80.8492445
8904,35.3367013,-80.7549406
8903,35.318298,-80.775491
8902,35.1719057,-80.8476871
8898,35.157113,-80.824607
8897,35.052522,-80.851493
8896,35.05703,-80.85165
8895,35.05365251,-80.81214968
8894,35.0566973,-80.8560946
8893,35.0630641,-80.8560204
8892,35.1708615,-80.8496225
8885,35.0620186,-80.8491646
8878,35.317206,-80.739126
8875,35.3425724,-80.7708508
8874,35.3434293,-80.7695827
8868,35.147139,-80.828793
8863,35.041632,-80.827762
8862,35.0263398,-80.8403932
8861,35.057645,-80.811875
8857,35.1748302,-80.83885
8856,35.028656,-80.8511594
8853,35.0538462,-80.8538841
8852,35.0558229,-80.853652
8851,35.078727,-80.81781
8850,35.0607597,-80.8150957
8848,35.04178885,-80.8475198
8841,35.1719057,-80.8476871
8835,35.2926146,-80.7315798
8830,35.151184,-80.841072
8827,35.156573,-80.835902
8826,35.1506051,-80.8286331
8822,35.0511698,-80.8483143
8821,35.0482005,-80.8162844
8820,35.05401,-80.84698
8813,35.1514616,-80.8312732
8812,35.03148108,-80.85227251
8811,35.05531514,-80.83507755
8810,35.1611282,-80.8493173
8790,35.0531218,-80.84715
8787,35.057645,-80.811875
8779,35.051342,-80.811605
8774,35.0529825,-80.8699573
8765,35.341155,-80.764657
8762,35.222224,-80.944053
8759,35.0041257,-80.8557919
8745,35.1611282,-80.8493173
8744,35.1709586,-80.8494203
8742,35.07876836,-80.81733942
8724,35.24015116,-80.93718001
8719,35.3425724,-80.7708508
8717,35.3402728,-80.7649282
8716,35.0535496,-80.8211696
8711,35.2947648,-80.7628685
8710,35.163025,-80.849704
8704,35.14867738,-80.8349469
8703,35.150256,-80.840548
8692,35.1495372,-80.8259803
8686,35.2214228,-80.9437985
8681,35.189592,-80.805824
8671,35.0537776,-80.8467812
8667,35.0526069,-80.8514889
8664,35.001104,-80.855894
8660,35.1480246,-80.8333203
8656,35.2322834,-80.9442538
8649,35.295969,-80.79768
8646,35.146363,-80.827976
8639,35.151162,-80.823154
8638,35.05497801,-80.83566427
8637,35.053616,-80.848991
8636,35.0513197,-80.8658828
8635,35.05610275,-80.85411835
8634,35.1611282,-80.8493173
8628,35.0482005,-80.8162844
8621,35.1542135,-80.824381
8615,35.2722045,-80.8118078
8608,35.174778,-80.839997
8607,35.1911923,-80.7270684
8606,35.053494,-80.811756
8604,35.1466895,-80.8957077
8592,35.2557159,-80.8267064
8590,35.30073,-80.802069
8585,35.0564719,-80.8135846
8584,35.314615,-80.762724
8577,35.183586,-80.820732
8574,35.3432482,-80.7690779
8570,35.1769492,-80.8520114
8564,35.0317085,-80.8552503
8561,35.0583521,-80.815519
8551,35.14750075,-80.83069669
8550,35.1745118,-80.840034
8529,35.1530651,-80.8280475
8528,35.15236365,-80.83251131
8523,35.280474,-80.792964
8522,35.341491,-80.7651589
8511,35.341735,-80.765388
8507,35.1704298,-80.8479429
8498,35.1517734,-80.8381571
8490,35.2739413,-80.8134255
8475,35.0541188,-80.8519401
8469,35.17132005,-80.85039295
8465,35.1603123,-80.8490691
8463,35.15623274,-80.83084803
8457,35.2420494,-80.9397745
8451,35.1744292,-80.8015878
8443,35.05627258,-80.83522829
8441,35.2184907,-80.9453334
8438,35.0053956,-80.8545282
8434,35.17458974,-80.84002903
8430,35.11729959,-80.85720675
8424,35.0286592,-80.8511757
8423,35.261794,-80.818617
8422,35.0542123,-80.85227
8420,35.0527518,-80.8514933
8419,35.027589,-80.850792
8418,35.04228933,-80.84738224
8408,35.0234114,-80.8487237
8407,35.0531218,-80.84715
8402,35.0281562,-80.8349344
8392,35.3366436,-80.754391
8390,35.055385,-80.8349322
8382,35.147735,-80.83088
8377,35.0540012,-80.815556
8374,35.1743807,-80.8394847
8373,35.0276306,-80.8498354
8372,35.147245,-80.832369
8371,35.147391,-80.828937
8366,35.054283,-80.852313
8361,35.0581178,-80.8149652
8358,35.15257079,-80.83206861
8351,35.1743807,-80.8394847
8349,35.0534708,-80.8519098
8347,35.0558598,-80.835121
8346,35.168371,-80.905341
8341,35.0267212,-80.8387937
8339,35.056497,-80.8481935
8337,35.254317,-80.825887
8328,35.341155,-80.764657
8325,35.3402728,-80.7649282
8322,35.056435,-80.8480944
8315,35.1748056,-80.8388269
8313,35.0536634,-80.8468921
8312,35.150863,-80.827823
8311,35.1712036,-80.8076513
8309,35.02697,-80.8398101
8302,35.165441,-80.849993
8300,35.136573,-80.90666
8296,35.17173559,-80.84927145
8292,35.22026573,-80.94322086
8289,35.0541188,-80.8519401
8284,35.00138345,-80.85629752
8276,35.147559,-80.839422
8271,35.1528208,-80.8289252
8260,35.175991,-80.799404
8255,35.18896,-80.809516
8253,35.1780411,-80.85472101
8242,35.307367,-80.7217847
8241,35.29543598,-80.73920345
8240,35.0558598,-80.835121
8236,35.0533565,-80.8522961
8235,35.15234048,-80.84011473
8221,35.0267212,-80.8387937
8220,35.0553914,-80.8517026
8218,35.1560908,-80.8238789
8202,35.1738919,-80.84975253
8201,35.3301529,-80.7325287
8193,35.2903963,-80.7634663
8189,35.1523852,-80.8321253
8187,35.0539776,-80.8486842
8178,35.147503,-80.833282
8175,35.312017,-80.7141989
8172,35.0574842,-80.81464647
8171,35.06084584,-80.81359975
8154,35.1611282,-80.8493173
8151,35.0627954,-80.8549521
8149,35.15158683,-80.83055879
8144,35.0246929,-80.8365235
8143,35.172816,-80.846867
8137,35.1746383,-80.8389778
8108,35.3123766,-80.7135491
8106,35.3172534,-80.7730468
8100,35.1538335,-80.8249111
8098,35.05401038,-80.85248162
8090,35.1523852,-80.8321253
8089,35.14839312,-80.83341645
8088,35.1480246,-80.8333203
8085,35.2517934,-80.8948282
8078,35.249536,-80.778819
8068,35.078856,-80.817685
8065,35.1495205,-80.8966783
8060,35.056349,-80.853212
8058,35.14593869,-80.83041074
8038,35.29398866,-80.75069427
8026,35.146916,-80.827256
8015,35.2638302,-80.7550728
8012,35.17536,-80.802296
8010,35.15400701,-80.82889711
8009,35.1533062,-80.8321707
8007,35.3090488,-80.7477486
8006,35.2875931,-80.7607135
7995,35.0536634,-80.8468921
7994,35.0607597,-80.8150957
7970,35.1473609,-80.833041
7964,35.17378419,-80.8500035
7929,35.293417,-80.75378
7927,35.1685761,-80.8500989
7922,35.31172178,-80.7451719
7920,35.17334105,-80.84000501
7884,35.152852,-80.840464
7879,35.294149,-80.7398259
7874,35.1717353,-80.8492716
7871,35.302143,-80.7477477
7870,35.259682,-80.758697
7865,35.281343,-80.792373
7864,35.3092301,-80.75586311
7863,35.0579156,-80.8496035
7856,35.3176964,-80.7720982
7851,35.3070841,-80.7209367
7845,35.30833775,-80.71963522
7842,35.152606,-80.837261
7835,35.1507088,-80.8286454
7832,35.176106,-80.799651
7830,35.178036,-80.80123
7829,35.042024,-80.862628
7822,35.2923929,-80.755033
7821,35.3135455,-80.7530656
7812,35.1717635,-80.8062086
7808,35.267762,-80.736954
7806,35.1586013,-80.8321895
7802,35.176399,-80.802262
7801,35.00026317,-80.85736632
7795,35.325897,-80.738879
7793,35.33702,-80.756294
7787,35.0274918,-80.8398038
7777,35.1717353,-80.8492716
7771,35.1811188,-80.8488498
7759,35.342416,-80.766969
7757,35.06089513,-80.85390599
7756,35.0531218,-80.84715
7752,35.202335,-80.7830309
7750,35.1744292,-80.8015878
7744,35.1719057,-80.8476871
7740,35.191537,-80.9240302
7732,35.1718606,-80.8071026
7723,35.0017277,-80.8553812
7722,35.175325,-80.849762
7721,35.1764269,-80.850611
7720,35.186718,-80.90868
7714,35.188146,-80.914997
7713,35.156539,-80.794655
7708,35.149991,-80.895898
7698,35.18943348,-80.80939798
7692,35.1539771,-80.8318824
7689,35.3172202,-80.7391337
7676,35.14844513,-80.83516693
7674,35.21831785,-80.94542928
7667,35.0789597,-80.8172578
7664,35.17328686,-80.84974082
7662,35.1811188,-80.8488498
7658,35.152425,-80.840127
7654,35.1844806,-80.729285
7653,35.2214228,-80.9437985
7629,35.310012,-80.757519
7618,35.3292615,-80.7387781
7612,35.1767866,-80.7985996
7610,35.3171442,-80.7402025
7600,35.041844,-80.8624518
7582,35.05244717,-80.84808089
7576,35.0592578,-80.8521302
7575,35.1644708,-80.8503245
7567,35.2966952,-80.7378127
7557,35.15655813,-80.82432725
7549,35.303872,-80.749548
7547,35.177524,-80.801119
7534,35.0595636,-80.8113954
7532,35.300589,-80.752675
7523,35.0570645,-80.8354387
7522,35.18447,-80.807611
7521,35.245819,-80.782664
7519,35.309612,-80.7567328
7504,35.1717353,-80.8492716
7501,35.02665099,-80.84022928
7490,35.175232,-80.799261
7489,35.176496,-80.802224
7478,35.3408131,-80.7699807
7468,35.323607,-80.69808
7467,35.31662759,-80.74002684
7457,35.32141,-80.77405
7455,35.14748596,-80.83335193
7453,35.171215,-80.807251
7440,35.17358,-80.8022529
7439,35.041241,-80.860748
7421,35.1769222,-80.8014372
7416,35.3420273,-80.7699215
7413,34.9792649,-80.856037
7411,35.30563468,-80.75423241
7402,35.146299,-80.826218
7401,35.174061,-80.83984
7381,35.3151134,-80.6998179
7371,35.33658427,-80.75433969
7369,35.0560059,-80.8528369
7360,35.024082,-80.848949
7350,35.3135079,-80.74297439
7346,35.05795843,-80.85153984
7345,35.0534296,-80.8129896
7344,35.056497,-80.8481935
7343,35.05884668,-80.8501482
7337,35.053051,-80.850809
7336,35.1714531,-80.8066374
7330,35.0108281,-80.8494544
7328,35.29669571,-80.73780823
7327,35.303872,-80.749548
7323,35.051563,-80.867223
7322,35.160545,-80.850103
7305,35.34045558,-80.76557949
7288,35.176496,-80.802224
7286,35.1702989,-80.8500121
7284,35.3172202,-80.7391337
7272,35.04193,-80.8492891
7271,35.039599,-80.8424914
7270,35.02345855,-80.84866822
7269,35.024288,-80.848152
7263,35.0526069,-80.8514889
7255,35.0787986,-80.8179016
7251,34.9984758,-80.8554747
7241,35.1912859,-80.9223583
7240,35.2775708,-80.8176223
7237,35.1512075,-80.8413097
7227,35.3104873,-80.808765
7224,35.170235,-80.849249
7223,35.012141,-80.851471
7219,35.3089867,-80.7488815
7206,35.1523852,-80.8321253
7196,35.1746535,-80.8015659
7189,35.176381,-80.797592
7182,35.0586136,-80.8139484
7181,35.171048,-80.897854
7177,35.22388621,-80.96039772
7172,35.0263045,-80.8403325
7171,35.1709586,-80.8494203
7170,35.170641,-80.84658
7166,35.00294357,-80.85611642
7149,35.1834648,-80.8543348
7142,35.0574204,-80.8521576
7141,35.057831,-80.856939
7134,35.3070841,-80.7209367
7128,35.1713096,-80.8075031
7124,35.029324,-80.850153
7118,35.305741,-80.7234
7107,35.054283,-80.852313
7106,35.171028,-80.849435
7104,35.2612535,-80.8187512
7102,35.05908051,-80.81322752
7082,35.176222,-80.802375
7081,35.178644,-80.799182
7080,35.0571399,-80.832392
7079,35.04199903,-80.8625865
7078,35.0542123,-80.85227
7068,35.05775,-80.838147
7066,35.307431,-80.749795
7065,35.3029425,-80.746597
7064,35.3133839,-80.7431575
7060,35.3130442,-80.7512085
7055,35.315736,-80.798455
7050,35.3371444,-80.7557361
7049,35.0279798,-80.8509451
7036,35.2529986,-80.8262574
7025,35.0531562,-80.8471264
7019,35.041844,-80.8624518
7018,35.054034,-80.846312
7016,35.0120187,-80.8514743
6988,35.3408131,-80.7699807
6985,35.041206,-80.861846
6984,35.0535496,-80.8211696
6983,35.0541393,-80.8490182
6982,35.153565,-80.834575
6981,35.16084462,-80.84899485
6974,35.05296387,-80.85101154
6973,35.3171442,-80.7402025
6972,35.3135455,-80.7530656
6964,35.153939,-80.8317551
6963,35.1561919,-80.8314309
6957,35.175773,-80.802449
6945,35.1713096,-80.8075031
6933,35.2753919,-80.793187
6931,35.146814,-80.809531
6930,35.1469687,-80.8086157
6923,35.2348592,-80.7875821
6911,35.056411,-80.8354073
6908,35.269093,-80.8236299
6906,35.157032,-80.823983
6904,35.1484412,-80.826499
6902,35.174778,-80.839997
6896,35.0511698,-80.8483143
6895,35.053486,-80.815603
6892,35.27668,-80.821245
6884,35.053988,-80.8469816
6862,35.295678,-80.739307
6855,35.0788416,-80.8178543
6852,35.147995,-80.887898
6848,35.1264935,-80.8903203
6846,35.265226,-80.759962
6831,35.05313,-80.848995
6830,35.02349926,-80.84871297
6823,35.245275,-80.93846
6812,35.337406,-80.7570662
6804,35.146024,-80.896512
6803,35.1713096,-80.8075031
6802,35.173666,-80.840645
6794,35.294425,-80.7448589
6788,35.1523852,-80.8321253
6786,35.3400209,-80.7654858
6781,35.22018785,-80.94446207
6775,35.33807,-80.757397
6770,35.2983369,-80.736178
6767,35.2776567,-80.7284198
6764,35.0165358,-80.8521588
6757,35.024082,-80.848949
6755,35.0531218,-80.84715
6754,35.0535496,-80.8211696
6751,35.3402728,-80.7649282
6750,35.17730165,-80.79854921
6743,35.297572,-80.7375969
6739,35.146739,-80.8082128
6733,35.0537776,-80.8467812
6727,35.22542873,-80.78865051
6726,35.1610509,-80.8492524
6723,35.17558858,-80.80216885
6692,35.2916363,-80.7269854
6691,35.287171,-80.728185
6689,35.3367723,-80.754697
6686,35.0533685,-80.8523849
6685,35.0526071,-80.8514887
6684,35.0279798,-80.8509451
6683,35.158669,-80.849478
6680,35.33807,-80.757397
6669,35.2322834,-80.9442538
6667,35.134894,-80.905419
6661,35.1712321,-80.8468326
6658,35.1881744,-80.8437429
6652,35.060754,-80.811249
6650,35.1733884,-80.8476609
6649,35.172475,-80.850458
6634,35.1523852,-80.8321253
6633,35.15047275,-80.83281185
6618,35.0091163,-80.8534965
6610,35.0562288,-80.8541147
6604,35.201771,-80.7808699
6588,35.0303097,-80.8535521
6580,35.30206233,-80.74785082
6575,35.15118409,-80.83306119
6572,35.2957226,-80.7392485
6567,35.29257477,-80.74235622
6566,35.0585882,-80.8132284
6561,35.1523852,-80.8321253
6557,35.174878,-80.8487449
6552,35.1362765,-80.9054054
6546,35.117216,-80.857515
6535,35.0064022,-80.854992
6532,35.01174721,-80.85143566
6531,35.174936,-80.851431
6520,35.0611103,-80.817254
6515,35.0538569,-80.8154264
6512,35.176496,-80.802224
6508,35.05325171,-80.81267066
6507,35.053792,-80.851393
6504,35.22307996,-80.94045616
6501,35.1469664,-80.8090772
6500,35.1601436,-80.7898861
6499,35.31347931,-80.75482786
6497,35.11737731,-80.85694727
6492,35.3019365,-80.7491376
6488,35.1769999,-80.7997758
6477,35.310182,-80.7157703
6464,35.1274285,-80.8599193
6457,35.336821,-80.755961
6456,35.1157704,-80.8569737
6452,35.320252,-80.773057
6449,35.2456492,-80.7871185
6436,35.2955556,-80.741161
6434,35.175511,-80.850122
6430,35.1567983,-80.8241569
6428,35.1736489,-80.8028858
6421,35.022459,-80.8483883
6413,35.1605475,-80.850101
6410,35.05974689,-80.813444
6407,35.1731814,-80.8400346
6406,35.17161583,-80.84875345
6405,35.1717353,-80.8492716
6399,35.17049,-80.8067332
6393,35.312144,-80.745093
6384,35.178168,-80.800293
6379,35.0538139,-80.8122058
6368,35.303872,-80.749548
6364,35.1171466,-80.857759
6362,35.1716156,-80.84693146
6351,35.32814253,-80.73882205
6350,35.327294,-80.738805
6345,35.300232,-80.802269
6336,35.2973833,-80.7468295
6335,35.3078359,-80.7542196
6328,35.17536,-80.802296
6301,35.319044,-80.781019
6298,35.1532293,-80.8268985
6292,35.1514473,-80.83358765
6283,35.3143399,-80.7513536
6281,35.3255954,-80.7833491
6276,35.186573,-80.8220853
6266,35.0226574,-80.8472311
6265,35.053832,-80.84209
6264,35.0627954,-80.8549521
6262,35.135271,-80.857027
6255,35.250078,-80.78139
6245,35.3003773,-80.7532631
6244,35.3289163,-80.7385921
6230,35.238932,-80.785171
6214,35.32867613,-80.73891163
6213,35.3045152,-80.7511524
6204,35.2943421,-80.7559499
6199,35.115469,-80.870118
6194,35.1746535,-80.8015659
6191,35.2205406,-80.9411393
6164,35.3121668,-80.7450891
6163,35.2939187,-80.7511565
6160,35.327294,-80.738805
6157,35.30775078,-80.72918937
6155,35.294233,-80.74315
6153,35.1731719,-80.8477863
6149,35.14578,-80.8958465
6145,35.3146025,-80.7024203
6144,35.078856,-80.817685
6136,35.1274285,-80.8599193
6132,35.177148,-80.801616
6129,35.1717353,-80.8492716
6128,35.3121668,-80.7450891
6125,35.061576,-80.815612
6114,35.18727,-80.808814
6113,35.11588735,-80.8568174
6106,35.15599431,-80.82393254
6102,35.2933918,-80.7650555
6101,35.3275697,-80.7394569
6092,35.061257,-80.814542
6091,35.1717353,-80.8492716
6086,35.178986,-80.840878
6079,35.1707147,-80.8512926
6077,35.17705,-80.79826
6074,35.064123,-80.787683
6072,35.136206,-80.907307
6070,35.0611103,-80.817254
6069,35.29419327,-80.73957825
6048,35.176222,-80.802375
6030,35.0535496,-80.8211696
6029,35.0612444,-80.814551
6022,35.273688,-80.809557
6019,35.34345171,-80.76935341
6006,35.3066238,-80.7237625
5999,35.296036,-80.7637759
5995,35.29403201,-80.76650617
5993,35.3196003,-80.7349815
5984,35.146933,-80.809095
5975,35.177439,-80.798697
5974,35.176328,-80.799683
5972,35.3066846,-80.7222031
5971,35.295592,-80.739606
5968,35.3172202,-80.7391337
5958,35.171265,-80.807472
5952,35.1735755,-80.84993108
5941,35.1786016,-80.7408123
5937,35.22015423,-80.94287128
5932,35.2235173,-80.9441649
5929,35.311937,-80.75125
5928,35.2989148,-80.7512534
5927,35.2861512,-80.7256489
5919,35.22171808,-80.93813673
5918,35.220969,-80.944215
5911,35.153198,-80.833016
5887,35.008382,-80.856249
5865,35.150256,-80.840548
5864,35.2799303,-80.7940878
5848,35.297087,-80.755382
5847,35.31092,-80.74585
5841,35.220455,-80.77151
5834,35.3402728,-80.7649282
5826,35.302143,-80.7477477
5811,35.302106,-80.74776
5806,35.34107587,-80.76462473
5800,35.337381,-80.757191
5786,35.1909909,-80.948139
5777,35.327294,-80.738805
5772,35.31418469,-80.76157017
5764,35.2982749,-80.735718
5762,35.3087043,-80.7554721
5744,35.14662,-80.830612
5742,35.3432482,-80.7690779
5729,35.295475,-80.739875
5723,35.219378,-80.945041
5719,35.1518374,-80.8304036
5718,35.3095894,-80.7493829
5717,35.2948986,-80.7623068
5708,35.3070356,-80.7536586
5700,35.33702,-80.756294
5695,35.33847046,-80.76068878
5682,35.1761325,-80.8021235
5669,35.2923277,-80.7565898
5650,35.171415,-80.806797
5631,35.2970997,-80.7554038
5630,35.302143,-80.7477477
5623,35.3171442,-80.7402025
5598,35.17553,-80.79975
5581,35.1557472,-80.8241025
5580,35.32097,-80.73193
5572,35.3159333,-80.740472
5570,35.273062,-80.728931
5569,35.0017583,-80.8558577
5561,35.2568915,-80.8967481
5557,35.337406,-80.7570662
5555,35.2905594,-80.7217462
5552,35.3166471,-80.74013136
5551,35.317092,-80.739039
5544,34.997909,-80.857198
5529,35.265307,-80.759471
5522,35.17716,-80.799035
5508,35.11731094,-80.85860252
5507,35.270692,-80.733765
5505,35.315327,-80.761767
5504,35.3404439,-80.7653197
5498,34.9951,-80.8549
5488,35.3058657,-80.7541811
5479,35.18663,-80.737718
5477,35.176399,-80.802262
5458,35.1740878,-80.8398088
5442,34.993918,-80.8533699
5433,35.3053463,-80.7471767
5423,35.246417,-80.7827
5418,35.339981,-80.764347
5417,35.117253,-80.857476
5402,35.176142,-80.80239
5361,35.13519,-80.905975
5346,35.3053942,-80.7309334
5335,35.153939,-80.8317551
5334,35.31669443,-80.7405518
5333,35.3110039,-80.75229
5325,35.277992,-80.8000409
5324,35.296894,-80.799624
5322,35.1700146,-80.8467135
5320,35.1390711,-80.9082719
5316,35.1491707,-80.8267664
5315,35.295389,-80.7621871
5292,35.313535,-80.74508
5287,35.0541599,-80.8519207
5284,35.153857,-80.831915
5283,35.1523852,-80.8321253
5239,35.327245,-80.738819
5238,35.303872,-80.749548
5228,35.0261649,-80.8406503
5221,35.273062,-80.728931
5216,35.3271498,-80.7734029
5207,35.1769999,-80.7997758
5186,35.1493967,-80.8285744
5183,35.22579,-80.946752
5179,35.310806,-80.715079
5172,35.2461067,-80.9381321
5148,35.220571,-80.943522
5147,35.176106,-80.799651
5143,35.327294,-80.738805
5136,35.1758018,-80.7981621
5134,35.05563483,-80.85346838
5133,35.0531562,-80.8471264
5126,35.173797,-80.840537
5113,35.117274,-80.856801
5104,35.178412,-80.78941
5090,35.3410614,-80.7668143
5079,35.175621,-80.851396
5070,35.1759873,-80.79712
5066,35.2935852,-80.7572561
5064,35.1372143,-80.9097483
5063,35.175874,-80.802444
5060,35.212973,-80.9097127
5055,35.3301529,-80.7325287
5050,35.0531562,-80.8471264
5049,35.0586072,-80.8133171
5046,35.17181313,-80.84899832
5039,35.055205,-80.8473547
5021,35.1894275,-80.8093275
5020,35.338097,-80.7590797
5017,35.1758642,-80.8021978
5010,35.133849,-80.893405
5008,35.239674,-80.9405309
5005,35.16191885,-80.84917255
5000,35.173099,-80.84094
4999,35.174475,-80.849646
4995,35.0540012,-80.815556
4974,35.160456,-80.857533
4968,35.1517003,-80.830323
4953,35.1736408,-80.8405565
4952,35.1750653,-80.849101
4948,35.20632,-80.94192
4942,35.17651,-80.79965
4939,35.177355,-80.798605
4937,35.2202708,-80.94708323
4911,34.9958502,-80.8582586
4901,35.239583,-80.938489
4900,35.1371403,-80.9047817
4895,35.17521148,-80.79923451
4874,35.1841786,-80.7297463
4857,35.0779132,-80.8182957
4855,35.17409117,-80.84806259
4854,35.1753411,-80.8498148
4853,35.174287,-80.84826
4851,35.153881,-80.831592
4847,35.1719057,-80.8476871
4844,35.0616561,-80.813185
4831,35.0144225,-80.8513171
4830,35.0314153,-80.8508287
4828,35.0581178,-80.8149652
4823,34.992634,-80.8532407
4820,35.17663464,-80.79964195
4818,35.2966952,-80.7378127
4817,35.061257,-80.814542
4813,35.079679,-80.816664
4812,35.1747537,-80.8468713
4811,35.150282,-80.850352
4810,35.1733047,-80.8399616
4805,35.1526108,-80.8285434
4804,35.1518374,-80.8304036
4803,35.1517049,-80.8241554
4799,35.1518374,-80.8304036
4798,35.31142192,-80.75506825
4797,35.312144,-80.745093
4781,35.06064266,-80.82651593
4773,35.30671797,-80.72193695
4760,35.0535545,-80.8116203
4759,35.0592541,-80.8391958
4758,35.0270835,-80.8370658
4757,35.0481807,-80.8161986
4754,35.1608893,-80.8492598
4753,35.053494,-80.811756
4721,35.192319,-80.811449
4714,35.1523851,-80.8321252
4712,35.170862,-80.850106
4708,35.3378677,-80.757527
4707,35.0226294,-80.8472303
4706,35.170972,-80.848663
4704,35.1748509,-80.847318
4702,35.152402,-80.828075
4689,35.02149,-80.846635
4687,35.062252,-80.815427
4656,35.166399,-80.851534
4641,35.0582012,-80.8446616
4638,35.15287781,-80.83702087
4634,35.058131,-80.8149679
4631,35.160736,-80.849731
4630,35.1473439,-80.786068
4628,35.0541393,-80.8490182
4627,35.0531611,-80.8515195
4626,35.166041,-80.849987
4617,35.0481807,-80.8161986
4612,35.27458138,-80.71633816
4604,35.054544,-80.845812
4597,35.0594559,-80.849736
4596,35.0592238,-80.8508386
4593,35.055335,-80.851605
4592,35.0413218,-80.8619164
4591,35.02149,-80.846635
4589,35.0590069,-80.8131232
4569,35.0263129,-80.8407682
4568,35.0535545,-80.8116203
4567,35.1705913,-80.8494576
4565,35.06120104,-80.81429777
4561,35.31218148,-80.74584093
4560,35.30241627,-80.74787616
4557,35.056981,-80.8505629
4556,35.056435,-80.8480944
4554,35.17075,-80.846104
4553,35.1889717,-80.807808
4552,35.0558098,-80.8536889
4548,35.13506787,-80.90290059
4547,35.05832413,-80.81490397
4546,35.1518374,-80.8304036
4543,35.301362,-80.757345
4540,35.2594332,-80.7591688
4533,35.1692133,-80.8502063
4527,35.1604695,-80.8500527
4524,35.1352282,-80.8931115
4521,35.056411,-80.8354073
4517,35.31438828,-80.751091
4514,35.061108,-80.817189
4509,35.1708615,-80.8496225
4506,35.1717353,-80.8492716
4505,35.1811188,-80.8488498
4502,35.0535496,-80.8211696
4501,35.058131,-80.8149679
4500,35.053429,-80.8156376
4495,35.256156,-80.8978173
4492,35.1717353,-80.8492716
4491,35.1716819,-80.846982
4482,35.165441,-80.849993
4478,35.11720204,-80.85692353
4473,35.1716684,-80.8492639
4472,35.2902624,-80.7332437
4470,35.16545,-80.8499912
4461,35.170862,-80.850106
4437,35.060835,-80.814262
4434,35.0780892,-80.8178081
4431,35.157032,-80.823983
4424,35.1542135,-80.824381
4418,35.05580447,-80.85327182
4413,35.1451091,-80.8960499
4412,35.06318937,-80.81177652
4408,35.172935,-80.850722
4401,35.0625964,-80.8122866
4383,35.223386,-80.949751
4381,35.350796,-80.77431605
4377,35.1883817,-80.8306609
4370,35.1737508,-80.840457
4365,35.017138,-80.8512
4360,35.17471,-80.848621
4359,35.1522311,-80.8318968
4358,35.157113,-80.824607
4350,35.15122081,-80.82789014
4349,35.152633,-80.828616
4342,35.153816,-80.8249249
4341,35.1565747,-80.7991134
4340,35.15541268,-80.83482355
4336,35.1899295,-80.8057352
4327,35.3160809,-80.781947
4325,35.175621,-80.851396
4316,35.1734518,-80.8408069
4294,35.0782397,-80.81708197
4291,35.117216,-80.857515
4288,35.1732693,-80.8477808
4281,35.14829011,-80.83326504
4270,35.057645,-80.811875
4269,35.1711699,-80.8475629
4268,35.1731719,-80.8477863
4264,35.173798,-80.840641
4259,35.3169475,-80.7737726
4258,35.15243718,-80.83951794
4229,35.1716684,-80.8492639
4226,35.0781717,-80.8169903
4224,35.146363,-80.827976
4222,35.0535496,-80.8211696
4218,35.1902768,-80.9304829
4212,35.173788,-80.847803
4198,35.078547,-80.817318
4193,35.078745,-80.8172255
4192,35.060691,-80.8170899
4185,35.05845398,-80.812608
4157,35.062703,-80.813231
4155,35.3188783,-80.7792539
4152,35.0611103,-80.817254
4144,35.058379,-80.815484
4143,35.06544103,-80.79588208
4141,35.150823,-80.827849
4133,35.153963,-80.827916
4120,35.1523851,-80.8321252
4116,35.15397644,-80.83188629
4112,35.22274531,-80.94881527
4104,35.17043054,-80.84618727
4100,35.1491707,-80.8267664
4096,35.1523851,-80.8321252
4095,35.0531218,-80.84715
4093,35.0608272,-80.8142914
4092,35.17288986,-80.84790974
4081,35.1716819,-80.846982
4080,35.173652,-80.839938
4070,35.1546001,-80.8349133
4064,35.1698882,-80.8064639
4063,35.153939,-80.8317551
4055,35.17471,-80.848621
4054,35.1533065,-80.83473098
4050,35.1474555,-80.809042
4042,35.1674777,-80.8491003
4036,35.1593901,-80.8497371
4033,35.15104419,-80.83284944
4032,35.15475,-80.836843
4030,35.14740407,-80.83143041
4023,35.1671509,-80.843499
4020,35.174878,-80.8487449
4009,35.0417394,-80.8537038
4007,35.0531218,-80.84715
4006,35.0542123,-80.85227
4005,35.040802,-80.8612969
4004,35.0627169,-80.8126482
3993,35.1811188,-80.8488498
3992,35.1716684,-80.8492639
3987,35.153939,-80.8317551
3983,35.065635,-80.805458
3977,35.1518374,-80.8304036
3972,35.1537181,-80.8401956
3966,35.05888354,-80.81620269
3964,35.1731418,-80.8502018
3961,35.13685743,-80.90421062
3956,35.15183397,-80.8317846
3954,35.171127,-80.807119
3950,35.3030438,-80.752453
3949,35.29978354,-80.75298786
3941,35.152633,-80.828616
3935,35.1695753,-80.850264
3934,35.1487765,-80.8294175
3925,35.052923,-80.814983
3916,35.1736408,-80.8405565
3908,35.1743999,-80.9041817
3883,35.22058755,-80.94413978
3874,35.1542903,-80.8241215
3860,35.058276,-80.808103
3853,35.0604215,-80.8169489
3843,35.15319658,-80.83821774
3841,35.0322419,-80.85338
3836,35.171389,-80.929048
3830,35.0553914,-80.8517026
3829,35.0541393,-80.8490182
3828,35.1608893,-80.8492598
3827,35.2509288,-80.8290204
3822,35.176556,-80.799481
3821,35.078244,-80.816967
3820,35.174878,-80.8487449
3819,35.165613,-80.850703
3813,35.314495,-80.702564
3811,35.29505608,-80.76283681
3799,35.21988711,-80.94492508
3794,35.2136406,-80.8920854
3781,35.262059,-80.904321
3773,35.219378,-80.945041
3769,35.149659,-80.824858
3768,35.219378,-80.945041
3760,35.3170508,-80.77497
3752,35.3289163,-80.7385921
3738,35.27909088,-80.79538727
3737,35.3111419,-80.715978
3728,35.0554483,-80.8348255
3727,35.171028,-80.849435
3722,35.219378,-80.945041
3721,35.21839799,-80.94526638
3716,35.219378,-80.945041
3708,35.153565,-80.834575
3702,35.212973,-80.9097127
3701,35.190366,-80.922471
3697,35.0219135,-80.8491687
3692,35.0590069,-80.8131232
3691,35.0586353,-80.8089528
3673,35.220319,-80.94359703
3665,35.0580422,-80.8175315
3664,35.055789,-80.819772
3661,35.056411,-80.8354073
3644,35.1523851,-80.8321252
3643,35.1542903,-80.8241215
3639,35.21927005,-80.94507746
3637,35.05703354,-80.85164642
3636,35.0558598,-80.835121
3631,35.1542638,-80.8243787
3630,35.158593,-80.832149
3626,35.2186768,-80.94240171
3625,35.22095,-80.942811
3607,35.2407178,-80.9345762
3604,35.189846,-80.80665
3602,35.0558598,-80.835121
3598,35.162146,-80.752847
3596,35.0226467,-80.8468071
3595,35.170447,-80.847942
3594,35.0781717,-80.8169903
3582,35.055385,-80.8349322
3578,35.22078354,-80.94052792
3576,35.1518374,-80.8304036
3557,35.0591094,-80.8138238
3547,35.2214228,-80.9437985
3537,35.156937,-80.794507
3535,35.0581178,-80.8149652
3523,35.0558229,-80.853652
3522,35.052884,-80.815583
3521,35.14896834,-80.83521366
3519,35.146299,-80.826218
3517,35.29255522,-80.74694216
3515,35.29543,-80.75521
3514,35.2910161,-80.763197
3484,35.0558098,-80.8536889
3474,35.0209797,-80.8460193
3472,35.22034973,-80.94256046
3469,35.30852398,-80.73397636
3464,35.1900857,-80.807975
3463,35.152091,-80.831376
3454,35.2431707,-80.9373841
3445,35.055335,-80.851605
3444,35.0541377,-80.8155275
3442,35.244224,-80.7800929
3434,35.146581,-80.827175
3433,35.152875,-80.839283
3431,35.310898,-80.7506949
3427,35.33875898,-80.76953426
3426,35.3409328,-80.7697622
3422,35.306283,-80.721678
3421,35.303872,-80.749548
3417,35.05424118,-80.84828949
3415,35.117183,-80.857545
3413,35.22028078,-80.94398019
3411,35.1455363,-80.8250282
3410,35.300651,-80.802205
3401,35.1499169,-80.8390885
3396,35.155442,-80.824249
3388,35.2766189,-80.796234
3380,35.152861,-80.8398047
3378,35.2941824,-80.7397396
3377,35.2757164,-80.7931498
3373,35.2938812,-80.7419482
3365,35.1544861,-80.830096
3363,35.2432235,-80.7812486
3357,35.34199364,-80.76812625
3354,35.1464212,-80.8317894
3353,35.148238,-80.827246
3352,35.29597121,-80.76364696
3351,35.31199537,-80.71412265
3350,35.3301529,-80.7325287
3349,35.3267809,-80.743136
3348,35.309196,-80.753006
3340,35.03114372,-80.85098505
3337,35.3133839,-80.7431575
3336,35.29657745,-80.75700378
3333,35.17050432,-80.80667375
3331,35.170934,-80.898765
3328,35.0558229,-80.853652
3327,35.04297419,-80.86349487
3320,35.2973802,-80.7473433
3319,35.300197,-80.7321478
3318,35.303872,-80.749548
3317,35.3301529,-80.7325287
3315,35.156778,-80.794863
3314,35.1705929,-80.8066316
3312,35.147044,-80.83112
3311,35.3003741,-80.8012766
3307,35.1479751,-80.8411301
3303,35.3122873,-80.7726384
3297,35.14754429,-80.83329588
3296,35.15273826,-80.83255563
3294,35.296793,-80.754085
3292,35.02271828,-80.84585667
3291,35.1608893,-80.8492598
3283,35.327941,-80.739259
3281,35.1880702,-80.9231544
3271,35.3301529,-80.7325287
3268,35.3110293,-80.716159
3260,35.31682356,-80.77173114
3259,35.2941262,-80.7395906
3257,35.148191,-80.831604
3245,35.301642,-80.720419
3242,35.31765522,-80.77219248
3238,35.149888,-80.836039
3237,35.149547,-80.836587
3234,35.302143,-80.7477477
3227,35.1480246,-80.8333203
3223,35.313822,-80.7467876
3222,35.315937,-80.740463
3221,35.332492,-80.732746
3219,35.153295,-80.833934
3213,35.3330422,-80.7520774
3210,35.174735,-80.849301
3207,35.153939,-80.8317551
3206,35.312017,-80.7141989
3205,35.316675,-80.740521
3201,35.0527518,-80.8514933
3200,35.170447,-80.847942
3195,35.1473609,-80.833041
3194,35.288902,-80.76038
3192,35.306149,-80.722771
3191,35.31190981,-80.7446102
3187,35.1660032,-80.7934798
3184,35.309637,-80.749374
3183,35.145671,-80.825569
3182,35.147102,-80.8311382
3180,35.320054,-80.740913
3179,35.2968436,-80.7588859
3178,35.3109383,-80.7508204
3166,35.3168916,-80.778714
3164,35.294487,-80.7512348
3158,35.21808783,-80.94169631
3157,35.3203758,-80.7733326
3155,35.303872,-80.749548
3149,35.1480246,-80.8333203
3148,35.32318,-80.732899
3143,35.3176964,-80.7720982
3140,35.3301529,-80.7325287
3139,35.29547509,-80.76379079
3136,35.101985,-80.902932
3134,35.1527442,-80.8371422
3130,35.153939,-80.8317551
3129,35.31032,-80.752236
3125,35.3057056,-80.7507815
3103,35.3106099,-80.74838486
3099,35.0303097,-80.8535521
3096,35.169674,-80.849966
3093,35.33627414,-80.75565188
3090,35.1750607,-80.8488936
3089,35.15179,-80.838163
3088,35.3070841,-80.7209367
3087,35.294425,-80.7448589
3081,35.1518374,-80.8304036
3080,35.15668779,-80.8241415
3079,35.311937,-80.75125
3078,35.2884648,-80.7595859
3076,35.2137529,-80.927661
3075,35.2205594,-80.9438737
3072,35.316384,-80.739983
3066,35.2945942,-80.7616162
3063,35.15008299,-80.83922457
3059,35.1743999,-80.9041817
3048,35.3101756,-80.7494433
3047,35.2943421,-80.7559499
3038,35.1705929,-80.8066316
3032,35.3374163,-80.7570495
3026,35.3001065,-80.7526901
3025,35.296807,-80.755564
3018,35.167461,-80.849105
3014,35.1474255,-80.82931495
3004,35.3070841,-80.7209367
3001,35.0536869,-80.8468989
2997,35.26417,-80.822372
2995,35.2422049,-80.9340475
2992,35.309098,-80.756007
2989,35.171698,-80.849907
2985,35.145932,-80.817769
2979,35.1500719,-80.836496
2977,35.34204528,-80.76822214
2969,35.3086843,-80.7484324
2965,35.1737685,-80.8405391
2961,35.16735985,-80.84923397
2960,35.1481072,-80.8318174
2959,35.3070841,-80.7209367
2953,35.29441,-80.74247
2951,35.3079026,-80.7558586
2945,35.059113,-80.8138
2943,35.219378,-80.945041
2933,35.15275765,-80.82852641
2924,35.1536538,-80.8397897
2923,35.3127426,-80.7432269
2914,35.049284,-80.80514
2913,35.060691,-80.8170899
2912,35.1747017,-80.8512434
2909,35.308038,-80.748947
2908,35.316675,-80.740521
2907,35.296575,-80.754111
2906,35.302143,-80.7477477
2905,35.303872,-80.749548
2898,35.152911,-80.832917
2890,35.3009646,-80.7537396
2885,35.1708823,-80.8504919
2884,35.062717,-80.812633
2880,35.1879068,-80.8319153
2879,35.22049931,-80.94256741
2878,35.22024918,-80.94733429
2874,35.1526108,-80.8285434
2867,35.337582,-80.757412
2866,35.0580591,-80.8150992
2865,35.1593784,-80.8497437
2857,35.17108554,-80.8470091
2853,35.17448433,-80.80226138
2852,35.1469298,-80.89607064
2850,35.146299,-80.826218
2848,35.3087682,-80.7506546
2847,35.296036,-80.7637759
2846,35.309226,-80.749288
2842,35.3045873,-80.7496477
2841,35.303872,-80.749548
2836,35.310622,-80.749274
2833,35.152852,-80.840464
2832,35.1474039,-80.8324604
2830,35.2953493,-80.7400475
2817,35.3084795,-80.7496177
2816,35.309226,-80.749288
2811,35.0581741,-80.8125517
2810,35.0611103,-80.817254
2807,35.1522311,-80.8318968
2806,35.1471443,-80.8245487
2805,35.145948,-80.826378
2804,35.300651,-80.802205
2802,35.303485,-80.752121
2796,35.1716684,-80.8492639
2794,35.3171352,-80.7402151
2792,35.1644869,-80.8504161
2782,35.156338,-80.831878
2781,35.156338,-80.831878
2780,35.311624,-80.7510889
2775,35.152545,-80.792831
2770,35.1712736,-80.8505174
2764,35.312144,-80.745093
2758,35.1717353,-80.8492716
2747,35.153939,-80.8317551
2746,35.1540742,-80.828877
2743,35.156307,-80.823686
2742,35.153816,-80.8249249
2741,35.266587,-80.807425
2740,35.1525015,-80.8414805
2738,35.1709488,-80.8483245
2734,35.1513663,-80.8362333
2728,35.1820723,-80.7853694
2724,35.175375,-80.849867
2720,35.1491161,-80.8301458
2716,35.1274285,-80.8599193
2712,35.1712736,-80.8505174
2707,35.294229,-80.7511427
2694,35.169674,-80.849966
2691,35.060835,-80.814262
2686,35.3073652,-80.7497543
2682,35.0561465,-80.8356075
2681,35.058622,-80.813926
2673,35.0591219,-80.8113638
2672,35.1429101,-80.9067985
2665,35.317215,-80.739129
2664,35.310008,-80.747085
2662,35.1518374,-80.8304036
2659,35.15652113,-80.79465866
2657,35.1716684,-80.8492639
2656,35.1518374,-80.8304036
2653,35.058622,-80.813926
2650,35.3432587,-80.7630709
2644,35.22047049,-80.94372502
2640,35.146999,-80.80925
2636,35.170641,-80.84658
2634,35.171127,-80.807119
2633,35.0598294,-80.8453895
2632,35.15247727,-80.83340049
2631,35.1714999,-80.85061376
2624,35.3425169,-80.7706849
2619,35.16545,-80.8499912
2617,35.174988,-80.9271542
2608,35.14687,-80.807076
2605,35.1712736,-80.8505174
2601,35.3432482,-80.7690779
2588,35.1674777,-80.8491003
2586,35.1901778,-80.9219497
2585,35.233733,-80.928673
2583,35.21850848,-80.94523616
2582,35.22052503,-80.94382891
2574,35.156338,-80.831878
2573,35.1591306,-80.8484363
2558,35.2235173,-80.9441649
2528,35.1523851,-80.8321252
2521,35.17499328,-80.83925441
2511,35.1473609,-80.833041
2508,35.252693,-80.888239
2499,35.234463,-80.933905
2490,35.22073558,-80.94319188
2487,35.1523851,-80.8321252
2478,35.2183469,-80.94511986
2473,35.1993773,-80.9177941
2467,35.062591,-80.812276
2465,35.1751474,-80.8489501
2464,35.174344,-80.846822
2463,35.156338,-80.831878
2461,35.3226568,-80.7738531
2455,35.1560739,-80.824814
2450,35.136781,-80.903771
2449,35.174764,-80.8486549
2447,35.304685,-80.752951
2446,35.3113103,-80.746403
2444,35.06216,-80.81263
2440,35.3388479,-80.762409
2439,35.3414126,-80.769465
2437,35.14861608,-80.83261323
2426,35.148019,-80.833327
2414,35.170641,-80.84658
2412,35.0090669,-80.852409
2410,35.1727289,-80.849275
2408,35.17128256,-80.79311371
2404,35.058379,-80.815484
2403,35.1750607,-80.8488936
2402,35.171225,-80.845962
2399,35.149551,-80.825993
2393,35.222906,-80.950225
2383,35.155501,-80.824576
2374,35.175621,-80.851396
2370,35.1525015,-80.8414805
2363,35.152374,-80.795527
2359,35.15272484,-80.82795331
2358,35.1561919,-80.8314309
2355,35.1754912,-80.8497007
2352,35.153816,-80.8249249
2345,35.2214228,-80.9437985
2341,35.2801454,-80.7248392
2340,35.280422,-80.75337
2336,35.190366,-80.922471
2335,35.0865431,-80.8115906
2331,35.1743999,-80.9041817
2330,35.2235173,-80.9441649
2321,35.156338,-80.831878
2320,35.1518374,-80.8304036
2318,35.22073608,-80.94100895
2316,35.1539771,-80.8318824
2294,35.22012301,-80.94762665
2292,35.1469352,-80.8091029
2281,35.30359723,-80.74904045
2274,35.22024012,-80.94288826
2255,35.14662,-80.830612
2245,35.1539066,-80.8318692
2240,35.056368,-80.842825
2234,35.316543,-80.743044
2232,35.1518374,-80.8304036
2230,35.190366,-80.922471
2224,35.1504493,-80.8401007
2220,35.17128849,-80.85067282
2219,35.22065426,-80.94010949
2214,35.1488009,-80.8351203
2208,35.17916432,-80.92515618
2204,35.21953629,-80.94513111
2195,35.1480481,-80.8048095
2190,35.3171352,-80.7402151
2188,35.1902524,-80.9201274
2184,35.1489259,-80.832372
2180,35.305313,-80.746813
2179,35.297087,-80.755382
2175,35.168263,-80.851299
2173,35.156937,-80.794507
2171,35.1523851,-80.8321252
2169,35.150282,-80.850352
2165,35.212973,-80.9097127
2161,35.303872,-80.749548
2157,35.1498909,-80.8360379
2151,35.1743999,-80.9041817
2150,35.2826217,-80.73852539
2144,35.1905251,-80.9093409
2139,35.276966,-80.794009
2137,35.308833,-80.750761
2136,35.1832688,-80.9194365
2130,35.2892879,-80.7976473
2129,35.2973802,-80.7473433
2124,35.220197,-80.943729
2116,35.22307671,-80.94034177
2102,35.22033241,-80.94401625
2075,35.22269856,-80.94814588
2073,35.280662,-80.790629
2072,35.3145751,-80.7545052
2070,35.1488002,-80.835022
2067,35.2960179,-80.738867
2066,35.292512,-80.7481339
2059,35.297033,-80.74666373
2049,35.295902,-80.739056
2048,35.3042746,-80.7487266
2041,35.148728,-80.8400209
2039,35.2941686,-80.7397847
2038,35.1274285,-80.8599193
2033,35.147503,-80.833282
2029,35.2916363,-80.7269854
2028,35.30216,-80.751402
2027,35.29685593,-80.75762177
2026,35.310622,-80.749274
2024,35.145582,-80.8243619
2021,35.292544,-80.747458
2017,35.1488114,-80.835126
2014,35.300098,-80.727963
2011,35.3099404,-80.750795
2010,35.2961,-80.7553
2009,35.30449,-80.751791
2003,35.189833,-80.9219492
1999,35.183435,-80.914948
1998,35.1468168,-80.8277649
1995,35.17049,-80.8067332
1991,35.3033808,-80.7508157
1987,35.30216,-80.751402
1983,35.14899466,-80.83001018
1976,35.14760201,-80.83088458
1971,35.147568,-80.8262699
1970,35.3000403,-80.8018078
1968,35.311832,-80.713039
1963,35.29626373,-80.75429343
1948,35.174821,-80.848693
1946,35.306173,-80.752672
1945,35.156338,-80.831878
1940,35.296079,-80.738818
1929,35.173533,-80.840019
1924,35.29596466,-80.75571352
1917,35.2983811,-80.7551773
1916,35.3053451,-80.7527684
1914,35.315626,-80.7394
1913,35.30248272,-80.74753148
1907,35.3023479,-80.7487894
1900,35.3384596,-80.7607734
1896,35.303872,-80.749548
1884,35.2966952,-80.7378127
1874,35.1743999,-80.9041817
1868,35.1526019,-80.8490897
1866,35.31064081,-80.74961173
1865,35.2949318,-80.7474815
1854,35.1569133,-80.7946407
1850,35.3221405,-80.734221
1848,35.156539,-80.794655
1847,35.1518374,-80.8304036
1846,35.160809,-80.8021822
1832,35.1521302,-80.8416787
1831,35.3209011,-80.774774
1830,35.309098,-80.756007
1826,35.085804,-80.804784
1820,35.1506332,-80.8414677
1808,35.212973,-80.9097127
1802,35.3178293,-80.7720557
1801,35.3042746,-80.7487266
1790,35.2994157,-80.7521095
1784,35.1822292,-80.9192433
1782,35.3123766,-80.7135491
1781,35.292882,-80.754859
1780,35.30403054,-80.75013501
1776,35.3198,-80.774989
1773,35.312144,-80.745093
1772,35.3102425,-80.7493891
1767,35.303872,-80.749548
1761,35.310622,-80.749274
1760,35.296036,-80.7637759
1753,35.1471502,-80.8289856
1748,35.296793,-80.754085
1746,35.1474939,-80.8429941
1745,35.2925549,-80.7469607
1744,35.296036,-80.7637759
1743,35.2977705,-80.7538028
1740,35.14878412,-80.83295524
1731,35.32385,-80.732545
1730,35.312144,-80.745093
1717,35.1465717,-80.8086297
1716,35.1473609,-80.833041
1714,35.2925549,-80.7469607
1704,35.282514,-80.725002
1697,35.0540992,-80.8519389
1690,35.051851,-80.8473533
1689,35.22052066,-80.94367216
1685,35.31438105,-80.70222706
1683,35.317641,-80.771745
1677,35.2304427,-80.945152
1674,35.028656,-80.8511594
1665,35.0562288,-80.8541147
1664,35.057831,-80.856939
1660,35.299906,-80.801648
1659,35.0558901,-80.8511161
1653,35.0279798,-80.8509451
1645,35.2495141,-80.77984897
1634,35.2223175,-80.9414618
1630,35.1717353,-80.8492716
1629,35.062013,-80.81856
1612,35.3211728,-80.7834756
1611,35.0553914,-80.8517026
1610,35.0549412,-80.8538162
1609,35.0566973,-80.8560946
1605,35.1528057,-80.8334527
1603,35.0620547,-80.815844
1596,35.1499169,-80.8390885
1594,34.9933721,-80.8556061
1591,35.1541492,-80.828582
1572,35.0572211,-80.8545881
1567,35.17438,-80.839446
1566,35.02263809,-80.84674018
1560,35.146299,-80.826218
1541,35.0535496,-80.8211696
1515,35.07702033,-80.89092241
1505,35.078727,-80.81781
1499,35.2383935,-80.9387464
1490,35.1523852,-80.8321253
1489,35.1523852,-80.8321253
1483,35.0595503,-80.8114901
1472,35.0536312,-80.8126658
1471,35.023572,-80.837699
1470,35.19705521,-80.91317475
1466,35.17542758,-80.84966667
1465,35.061025,-80.876305
1461,35.341735,-80.765388
1460,35.337406,-80.7570662
1459,35.337582,-80.757412
1451,35.1717353,-80.8492716
1450,35.1759183,-80.8513672
1444,35.3424536,-80.7706758
1441,35.05356598,-80.8482666
1437,35.21845085,-80.94232603
1436,35.244848,-80.9379979
1434,35.06069429,-80.81349581
1427,35.15326549,-80.8401223
1420,35.155019,-80.833511
1416,35.0227542,-80.8468114
1410,35.1900051,-80.8048545
1406,35.3434293,-80.7695827
1398,35.146581,-80.827175
1396,35.22058752,-80.94278485
1389,35.0533685,-80.8523849
1387,35.338473,-80.760692
1384,35.1371464,-80.9019799
1381,35.062717,-80.812633
1365,35.1560908,-80.8238789
1351,35.33702,-80.756294
1350,35.17600179,-80.79594192
1348,35.2500759,-80.7813568
1345,35.053592,-80.812758
1333,35.053681,-80.8514579
1318,35.195314,-80.7491563
1313,35.152404,-80.828055
1312,35.148193,-80.82419
1311,35.1891015,-80.8097649
1309,35.3372336,-80.7566391
1308,35.3415518,-80.7662614
1306,35.1610509,-80.8492524
1303,35.308482,-80.751408
1297,35.056699,-80.835367
1293,35.0344254,-80.8384048
1292,35.1610509,-80.8492524
1291,35.170862,-80.850106
1289,35.0538288,-80.8122213
1288,35.1608893,-80.8492598
1272,35.3011878,-80.7476743
1265,35.057508,-80.818232
1264,35.3367723,-80.754697
1263,35.144842,-80.8260864
1262,35.3072243,-80.7549698
1261,35.057809,-80.8509698
1258,35.2941262,-80.7395906
1256,35.3066279,-80.7473505
1244,35.3357215,-80.7543578
1243,35.039363,-80.828658
1242,35.02822885,-80.85099611
1235,35.153939,-80.8317551
1231,35.053592,-80.812758
1230,35.296577,-80.747886
1228,35.1709586,-80.8494203
1222,35.1894275,-80.8093275
1219,35.3123766,-80.7135491
1205,35.05785306,-80.81740634
1200,35.1714531,-80.8066374
1198,35.147102,-80.8311382
1188,35.33590587,-80.75399637
1187,35.265267,-80.823231
1185,35.04313029,-80.84945763
1172,35.305009,-80.751698
1168,35.173517,-80.847762
1160,35.174778,-80.839997
1149,35.30939,-80.798466
1139,35.0538462,-80.8538841
1130,35.17010909,-80.853752
1128,35.340214,-80.76791
1125,35.292512,-80.7481339
1124,35.207734,-80.875759
1115,35.1902724,-80.9287913
1090,35.15280671,-80.82584632
1085,35.2721582,-80.8209683
1081,35.2968718,-80.7568488
1079,35.1540742,-80.828877
1078,35.1539771,-80.8318824
1068,35.17202374,-80.84829069
1066,35.1542135,-80.824381
1061,35.17563,-80.861939
1060,35.15426641,-80.82801822
1059,35.1522311,-80.8318968
1055,35.0046566,-80.8550794
1052,35.2355584,-80.9425707
1042,35.1578375,-80.7993093
1034,35.1523851,-80.8321252
1033,35.15212638,-80.82791805
1031,35.156539,-80.794655
1029,35.2842569,-80.732828
1022,35.1530651,-80.8280475
1021,35.2924899,-80.7532165
1015,35.219378,-80.945041
997,35.0089225,-80.8544051
996,35.14949469,-80.83122253
995,35.156189,-80.824488
990,35.30617753,-80.73446989
987,35.152524,-80.8338505
980,35.1523852,-80.8321253
979,35.1487765,-80.8294175
976,35.170097,-80.902239
973,35.1471897,-80.8322086
961,35.230967,-80.9462379
956,35.1706064,-80.8497461
948,35.16545,-80.8499912
936,35.190365,-80.9290989
931,35.1760791,-80.7964866
928,35.1603123,-80.8490691
927,35.15296999,-80.83431895
920,35.310182,-80.7157703
913,35.1518374,-80.8304036
894,35.176369,-80.798181
893,35.22139257,-80.94351487
888,35.16078701,-80.84924196
884,35.29543,-80.7583318
878,35.1709437,-80.8486559
875,35.18180163,-80.92748165
866,35.1274285,-80.8599193
858,35.15560009,-80.83208084
857,35.1593901,-80.8497371
856,35.1632825,-80.8484848
853,35.177917,-80.929882
836,35.23082285,-80.77867213
829,35.316675,-80.740521
819,35.1709542,-80.8493812
814,35.175887,-80.801976
811,35.3073595,-80.7662916
794,35.0533135,-80.8517468
792,35.261082,-80.819237
791,35.177091,-80.8016064
783,35.1522311,-80.8318968
782,35.18708,-80.9259926
772,35.23594481,-80.95408039
762,35.307129,-80.720898
757,35.05534853,-80.85164756
756,35.058131,-80.8149679
754,35.0226867,-80.8473857
747,34.979243,-80.8557643
746,35.17761,-80.79773
741,35.1864835,-80.8220177
740,35.176387,-80.802369
737,35.295846,-80.739139
727,35.306283,-80.721678
725,35.15170866,-80.83941722
721,35.176106,-80.799651
719,35.1464694,-80.8293707
715,35.1766688,-80.7978683
712,35.15215702,-80.83026911
709,35.0017583,-80.8558577
701,35.2973802,-80.7473433
688,35.17080134,-80.80695076
677,35.17674835,-80.80202937
665,35.23272904,-80.93436956
662,35.257522,-80.896814
658,35.1469664,-80.8090772
657,35.3063029,-80.7216724
656,35.177294,-80.801445
653,35.3057571,-80.7233792
652,35.295133,-80.746474
630,35.296657,-80.737765
628,35.1518374,-80.8304036
621,35.3090488,-80.7477486
607,35.148019,-80.833327
601,35.2439733,-80.9362329
594,35.22058992,-80.94005758
593,35.233733,-80.928673
587,35.260216,-80.8176568
586,35.2966952,-80.7378127
585,35.0049383,-80.8530157
584,35.275585,-80.793882
577,35.1734518,-80.8408069
571,35.208999,-80.9394541
570,35.210945,-80.906475
569,35.3057444,-80.7233772
565,35.311359,-80.746403
556,35.190365,-80.9290989
555,35.2916363,-80.7269854
537,35.1754328,-80.8510157
535,35.31071258,-80.75062201
534,35.303872,-80.749548
529,35.172046,-80.847661
526,35.320054,-80.740913
525,35.3106099,-80.748385
524,35.305313,-80.746813
521,35.0607983,-80.81720353
513,35.1518374,-80.8304036
512,35.1518374,-80.8304036
507,35.171084,-80.847959
503,35.3171014,-80.74022
502,35.312058,-80.717881
501,35.3099289,-80.754271
499,35.1756249,-80.850402
489,35.2948986,-80.7623068
486,35.1737309,-80.840562
480,35.062703,-80.813231
479,35.061213,-80.81271
478,35.0588508,-80.8160924
476,35.290339,-80.733414
472,35.117274,-80.856801
470,35.3089867,-80.7488815
468,35.190878,-80.929697
461,35.1733819,-80.850635
460,35.31006,-80.75372
458,35.14660516,-80.82742093
453,35.28573,-80.732092
440,35.134436,-80.908506
434,35.1458579,-80.8266287
432,35.14591544,-80.82564354
431,35.1529629,-80.8391784
430,35.15275989,-80.83994365
411,35.328931,-80.738682
409,35.117053,-80.85665
397,35.310622,-80.749274
377,35.13616384,-80.90229571
370,35.310182,-80.7157703
363,35.224113,-80.948939
362,35.060754,-80.815083
356,35.3136187,-80.7529707
355,35.3093369,-80.7481603
351,35.172904,-80.850082
350,35.329166,-80.736988
345,35.010355,-80.852176
344,35.0040026,-80.8565734
329,35.3106099,-80.748385
327,35.059113,-80.8138
326,35.175325,-80.849762
324,35.17309952,-80.84094238
322,35.312144,-80.745093
321,35.2911356,-80.735185
317,35.17275412,-80.80500689
309,35.1733628,-80.8399867
303,35.1453498,-80.8977752
294,35.3015641,-80.7518571
290,34.9871242,-80.8535952
289,35.078547,-80.817318
288,35.080412,-80.817459
287,35.061257,-80.814542
284,35.3301529,-80.7325287
280,35.171028,-80.849435
275,35.21930162,-80.93004729
270,35.153939,-80.8317551
268,35.1488002,-80.835022
264,35.157113,-80.824607
249,35.1459387,-80.83006206
246,35.101277,-80.905303
236,35.0787986,-80.8179016
235,35.061319,-80.814423
234,35.171809,-80.851479
233,34.9936008,-80.8536217
232,35.303872,-80.749548
227,35.29538107,-80.74000821
225,35.214731,-80.947282
221,35.233535,-80.766542
215,35.00733021,-80.85439367
207,35.3355237,-80.7534554
201,35.186718,-80.90868
197,35.1486757,-80.84199
195,35.152394,-80.832136
194,35.1523851,-80.8321252
193,35.148215,-80.8950909
187,35.1745344,-80.848208
186,35.1881522,-80.9149692
184,35.1909224,-80.8052183
182,35.3432482,-80.7690779
179,35.06086574,-80.81446585
169,35.0537776,-80.8467812
166,35.0541188,-80.8519401
165,35.22311875,-80.94038137
160,35.174778,-80.839997
158,35.1731814,-80.8400346
155,35.147516,-80.853983
154,35.22025737,-80.94401373
150,35.1465729,-80.80895
147,35.152852,-80.840464
145,35.272575,-80.8223006
140,34.99851418,-80.85556864
137,35.312179,-80.713576
136,35.3126468,-80.7134933
131,35.13442612,-80.91222382
130,35.1523851,-80.8321252
126,35.343994,-80.770873
124,35.0579463,-80.808403
118,35.0482549,-80.8162405
111,35.1669955,-80.8508653
110,35.1086861,-80.7288681
109,35.1644869,-80.8504161
73,35.3022745,-80.7543565
59,35.176496,-80.802224
45,35.138285,-80.910651
44,35.156338,-80.831878
39,35.150282,-80.850352
37,35.2941686,-80.7397847
36,35.2966952,-80.7378127
28,35.0337419,-80.860407
24,35.174878,-80.8487449
19,35.1274285,-80.8599193
15,35.3030029,-80.7476035
12,35.2949318,-80.7474815
11,35.2966598,-80.737783
10,35.295757,-80.741677
4,35.059117,-80.811356
2,35.295623,-80.754429
