num,lat,lon
10648,35.4483163,-80.8900046
10647,35.447562,-80.892023
10645,35.486225,-80.877486
10644,35.4917497,-80.8581854
10640,35.4805942,-80.858539
10639,35.4857295,-80.8784194
10631,35.480913,-80.882426
10627,35.4783673,-80.8939292
10622,35.4787833,-80.8933527
10620,35.2867559,-81.022657
10618,35.4816437,-80.8767389
10616,35.289374,-81.016997
10604,35.2597479,-81.1270415
10602,35.2719048,-81.0476533
10601,35.24370696,-81.03692658
10599,35.2517515,-80.657392
10595,35.248484,-81.021369
10594,35.3648378,-80.7867508
10593,35.4109054,-80.6668265
10586,35.24268073,-81.02887186
10583,35.4819906,-80.8846019
10579,35.243155,-81.028482
10572,35.2517326,-81.0431716
10567,35.2487558,-81.0316474
10565,35.41486,-80.669537
10564,35.346723,-80.611186
10562,35.1400011,-80.6233575
10561,35.2427737,-81.1336034
10560,35.480554,-80.879189
10558,35.479983,-80.857728
10557,35.483692,-80.878469
10556,35.48138258,-80.88432491
10548,35.1877,-80.6909
10545,35.40863988,-80.58059692
10544,35.41672254,-80.67654873
10543,35.179314,-80.644412
10541,35.265988,-81.132335
10536,35.316524,-81.190409
10533,35.252175,-81.028991
10532,35.42947,-80.60907
10531,35.4274355,-80.669325
10526,35.448799,-80.890924
10521,35.2398343,-81.1229533
10519,35.412623,-80.664449
10515,35.409858,-80.580811
10514,35.385604,-80.771389
10511,35.442952,-80.598439
10509,35.365984,-80.786026
10508,35.414425,-80.669436
10502,35.409357,-80.861512
10499,35.4191007,-80.5716587
10498,35.11531565,-81.05517352
10497,35.1154376,-81.0721169
10494,35.2574493,-81.111445
10489,35.4102518,-80.6657719
10487,35.4184424,-80.675424
10486,35.4174515,-80.6147242
10482,35.272035,-80.9617228
10481,35.000414,-80.695072
10479,35.4302658,-80.6154069
10478,35.4413888,-80.7327344
10476,35.4103375,-80.579379
10475,35.2574569,-81.1114172
10471,35.4140414,-80.6664857
10470,35.1418387,-80.6236933
10469,35.258516,-81.1186053
10466,35.1998,-81.029605
10465,35.2538497,-81.0279139
10462,35.419034,-80.742997
10460,35.41852334,-80.74364861
10459,35.2620577,-81.12647
10458,35.2600008,-81.1207243
10457,35.25615435,-81.10763286
10454,35.4099659,-80.5802727
10452,35.40737138,-80.86341038
10451,35.444905,-80.880692
10450,35.445904,-80.88006
10449,35.410676,-80.842166
10448,35.28991913,-81.01740953
10447,35.2408672,-81.1224357
10443,35.258873,-81.025519
10441,35.3680982,-80.5578552
10439,35.39166,-80.620377
10438,35.1412136,-80.6239791
10435,35.21415984,-81.16791788
10433,35.4618701,-80.5835018
10425,35.4324259,-80.6028541
10424,35.41043784,-80.58108637
10417,35.3707456,-80.5488981
10416,35.41597725,-80.67678723
10413,35.2895919,-81.0172295
10412,35.26014889,-81.13311622
10410,35.26138822,-81.1321285
10409,35.2602569,-81.1221122
10399,35.405512,-80.865367
10398,35.2545847,-81.0952716
10388,35.2787703,-81.1820856
10387,35.38441896,-80.78477775
10386,35.443366,-80.885841
10384,35.4755865,-80.6095348
10382,35.2080252,-80.6722454
10381,35.41048494,-80.85355997
10380,35.4438599,-80.8717577
10376,35.4141736,-80.6701084
10373,35.439397,-80.864721
10372,35.4245019,-80.8860739
10370,35.411465,-80.862311
10369,35.443128,-80.859596
10368,35.4437385,-80.8787245
10367,35.4133017,-80.8338346
10361,35.2982637,-81.0162204
10360,35.40833589,-80.86292241
10359,35.5110106,-80.6148258
10356,35.4101789,-80.8550486
10355,35.38478,-80.785839
10354,35.11963171,-81.08224132
10348,35.448493,-80.8870393
10344,35.4071016,-80.8640787
10343,35.4054689,-80.854551
10342,35.44527592,-80.86208198
10341,35.445134,-80.8779799
10340,35.442456,-80.857095
10338,35.3767225,-80.8423916
10333,35.10679082,-81.04079386
10331,35.4464951,-80.87838823
10325,35.21064,-80.69726
10324,35.444512,-80.599564
10323,35.00029998,-80.69715287
10315,35.3717893,-80.8272777
10314,35.437086,-80.843688
10313,35.4462403,-80.8792439
10312,35.4060437,-80.8649403
10311,35.392098,-80.8449569
10310,35.441681,-80.872927
10307,35.430109,-80.842771
10301,35.444966,-80.866655
10297,35.48185946,-80.88250607
10296,35.26333652,-81.13296843
10295,35.444378,-80.863922
10294,35.43486892,-80.90730608
10288,35.1825962,-80.6548882
10287,35.2982637,-81.0162204
10281,35.3648378,-80.7867508
10278,35.3710945,-80.783529
10271,35.2132579,-81.1659803
10270,35.26005888,-81.11514567
10269,35.46402,-80.5867267
10260,35.47646713,-80.89279938
10253,35.383316,-80.785273
10251,35.11159066,-81.0720843
10245,35.1735404,-80.6570304
10227,35.442614,-80.882528
10224,35.445787,-80.878072
10223,35.438456,-80.843975
10222,35.4253844,-80.8426212
10197,35.40904035,-80.8608902
10191,35.3726156,-80.7845824
10180,35.28619,-81.1896687
10177,35.458256,-80.867458
10159,35.3838768,-80.7843163
10158,35.4857295,-80.8784194
10144,35.4518014,-80.8655492
10132,35.500266,-80.849082
10117,35.2971261,-81.1873045
10112,35.5017179,-80.849404
10104,35.2615787,-81.1425814
10093,35.2734149,-81.1368781
10089,35.4657248,-80.8043977
10088,35.49841684,-80.84897158
10081,35.442998,-80.763527
10074,35.3348066,-80.624391
10058,35.40901,-80.6446
10053,35.506042,-80.615813
10049,35.4820789,-80.6273759
10038,35.259132,-81.1133818
10037,35.4868032,-80.8600736
10027,35.259417,-81.115874
10018,35.2646092,-81.138839
10017,35.253538,-81.1674529
10013,35.264769,-81.148258
10007,35.4017664,-80.7597901
9995,35.371058,-80.7833707
9984,35.44783595,-80.59963804
9980,35.221905,-81.1012329
9979,35.2546862,-81.0999927
9974,35.463106,-80.60965
9967,35.417099,-80.6697019
9966,35.4189645,-80.7427139
9961,35.413678,-80.639372
9942,35.391077,-80.6227915
9934,35.2702784,-81.1465773
9931,35.4320161,-80.6049769
9930,35.412623,-80.664449
9918,34.96791328,-80.82098722
9917,35.2640595,-81.1518014
9915,35.4359421,-80.604671
9914,35.4087517,-80.579511
9911,35.245607,-81.158795
9909,35.426132,-80.631185
9907,35.42980855,-80.60753815
9904,35.1412136,-80.6239791
9903,35.00246237,-80.69886994
9901,35.3035634,-81.0272196
9900,35.2746053,-81.0167383
9899,35.2586936,-81.1106015
9889,35.2322514,-81.1676544
9888,35.4101415,-80.8509845
9885,35.464011,-80.589287
9879,35.4963005,-80.8526954
9877,35.25498324,-81.09751488
9866,35.0235995,-80.7608346
9865,35.2086242,-81.1651014
9864,35.408592,-80.612909
9861,35.2625506,-81.1253281
9860,35.259579,-81.125243
9855,35.46478706,-80.59562381
9851,35.2702411,-81.1507919
9850,35.2705171,-81.1459207
9844,35.26929438,-81.14688031
9843,35.225477,-81.132583
9839,35.501783,-80.84997
9835,35.2633736,-81.1341025
9834,35.4101788,-80.8550489
9829,35.2603686,-81.143542
9811,35.41815327,-80.67741394
9809,35.4169962,-80.6792219
9800,35.39774257,-80.60882325
9799,35.3959512,-80.6127989
9797,35.4157059,-80.6704629
9794,35.4463696,-80.8797302
9785,35.3675498,-80.7880616
9784,35.372159,-80.782485
9782,35.4188597,-80.742848
9781,35.41030842,-80.66858362
9780,35.1825962,-80.6548882
9779,35.0398629,-80.740318
9777,35.4100518,-80.5769546
9775,35.2572675,-81.1101021
9773,35.1415282,-80.6251282
9766,35.4076805,-80.8649683
9759,35.4293592,-80.6675165
9757,35.2889229,-81.020392
9756,35.2983009,-81.0161875
9755,35.4403311,-80.6035231
9749,35.4427114,-80.8858163
9745,35.415732,-80.669103
9731,35.41532035,-80.67024708
9729,35.0263771,-80.7630454
9728,35.141265,-80.6132329
9724,35.25013408,-81.05584705
9721,35.372462,-80.785066
9717,35.4810413,-80.8850864
9716,35.4486121,-80.8906773
9715,35.256886,-81.0581739
9709,35.25566309,-81.10179714
9706,35.4461968,-80.87893192
9702,35.2597942,-81.1257552
9701,35.25937862,-81.11301975
9700,35.25745605,-81.11126013
9695,35.4128616,-80.5987223
9694,35.43933016,-80.60468851
9691,34.923827,-80.762322
9683,35.4805942,-80.858539
9682,35.22591105,-81.13279326
9674,35.23308697,-81.19362216
9673,35.2626674,-81.1388271
9669,35.479225,-80.893923
9668,35.48792139,-80.84771398
9662,35.4596028,-80.8889727
9656,35.4978411,-80.5608626
9642,35.47539428,-80.88884611
9641,35.467472,-80.874308
9638,35.2627556,-81.1835818
9637,35.500147,-80.848817
9631,35.40748,-80.583
9622,35.432246,-80.604743
9620,35.4822328,-80.880552
9618,35.2273656,-80.5006219
9616,35.3886251,-80.5611984
9615,35.4087517,-80.579511
9610,35.476047,-80.853852
9606,35.4676664,-80.6092936
9594,35.1403132,-80.6232468
9593,35.001676,-80.668341
9592,35.4022433,-80.7598126
9572,35.141224,-80.622779
9569,35.2188893,-81.0828011
9560,35.4780484,-80.8875311
9559,35.478809,-80.89336
9558,35.2543245,-81.0420124
9553,35.4877629,-80.8586498
9545,35.4822182,-80.8802819
9544,35.4638145,-80.8714831
9543,35.4816945,-80.8825269
9542,35.4808386,-80.8784689
9535,35.4459966,-80.5973184
9531,35.4819938,-80.881243
9530,35.4659496,-80.8722084
9525,35.2594192,-81.1240607
9521,35.489841,-80.8575007
9514,35.0011078,-80.6997856
9507,35.4842614,-80.8788418
9496,35.2997928,-81.0158022
9495,35.26379389,-81.13482515
9484,35.1098269,-81.0425097
9481,35.4327857,-80.6035364
9480,35.4094145,-80.5805133
9472,35.479605,-80.8924277
9471,35.4105459,-80.581798
9469,35.1157307,-81.0706768
9466,35.4151805,-80.6703329
9462,35.478567,-80.8931217
9461,35.44946,-80.88965
9441,35.4660971,-80.8712976
9431,35.4291479,-80.5986375
9427,35.45890312,-80.89396481
9422,35.25420703,-81.04166005
9421,35.28151931,-81.04703813
9413,35.480884,-80.877148
9409,35.1199091,-81.0787674
9397,35.1884068,-80.692857
9384,35.4815212,-80.8763589
9383,35.1412353,-80.6240395
9382,35.3182771,-81.1898486
9371,35.446222,-80.598326
9358,35.4667753,-80.8412953
9357,35.4917748,-80.8569943
9354,35.3301866,-81.0202533
9353,35.1400011,-80.6233575
9352,35.4757954,-80.8930819
9351,35.4757488,-80.8986398
9350,35.4596028,-80.8889727
9349,35.31635739,-81.16251089
9344,35.4094301,-80.5800981
9342,35.481649,-80.885037
9327,35.2895507,-81.019369
9326,35.411353,-80.5683113
9325,35.2218212,-81.1012177
9324,35.0015777,-80.69516273
9323,35.443996,-80.9929159
9317,35.4145724,-80.6665925
9312,35.367179,-80.786418
9309,35.48000301,-80.87653619
9308,35.4826458,-80.8601039
9303,35.4480686,-80.8901736
9297,35.465861,-80.896325
9296,35.458016,-80.868084
9291,35.2639611,-81.0909679
9290,35.266843,-81.100497
9286,35.4761288,-80.8899692
9280,35.48190134,-80.88188008
9276,35.47877177,-80.87627023
9275,35.4874459,-80.7990185
9266,35.43804314,-80.60549889
9260,35.4800528,-80.8911468
9253,35.4821431,-80.8796871
9252,35.4632973,-80.8472663
9249,35.4835208,-80.8650598
9248,35.4877602,-80.874741
9242,35.4195639,-80.6769557
9238,35.29668,-81.014259
9237,35.2512039,-80.5006537
9235,35.4813151,-80.8841624
9234,35.4820067,-80.86045167
9233,35.2453982,-81.0382983
9231,35.4813151,-80.8841624
9222,35.4103843,-80.5815915
9217,35.4190319,-80.6775255
9212,35.2419961,-81.0378383
9200,35.40888734,-80.5794344
9196,35.4812055,-80.8578533
9194,35.2488388,-81.080506
9193,35.4073854,-80.86326064
9191,35.0913918,-81.1019229
9179,35.463681,-80.585784
9170,35.4429632,-80.6037498
9166,35.212282,-80.68617
9161,35.40891007,-80.57956159
9157,35.38451037,-80.78312516
9150,35.488756,-80.875663
9149,35.3709333,-80.7842363
9146,35.48272172,-80.85997446
9140,35.414456,-80.669425
9131,35.480186,-80.887519
9127,35.480277,-80.887553
9126,35.4660979,-80.8725964
9125,35.4799209,-80.8883557
9119,35.2434299,-81.038197
9118,35.2496579,-81.0640559
9115,35.3980252,-80.6108519
9114,35.417038,-80.677753
9113,35.4087517,-80.579511
9109,35.186895,-80.689738
9102,35.2768186,-81.1426695
9084,35.4483163,-80.8900046
9083,35.4800947,-80.887898
9082,35.480218,-80.857844
9080,35.254922,-81.0351419
9076,35.3684546,-80.8327257
9072,35.2601578,-81.1331997
9063,35.476611,-80.892949
9058,35.3963659,-80.6118942
9057,35.2607124,-81.1312429
9055,35.383671,-80.880108
9054,35.372285,-80.839481
9053,35.2352617,-80.5064763
9052,35.476581,-80.893006
9048,35.471795,-80.874461
9040,35.2203464,-81.0959933
9039,35.26061868,-81.13057778
9038,35.3644429,-80.7862708
9026,35.4017109,-80.7599409
9025,35.2568715,-81.1127537
9024,35.3946661,-80.6142667
9020,35.373655,-80.831909
9012,35.443585,-80.6234981
9007,35.4813151,-80.8841624
8996,35.2546334,-81.0277219
8987,35.4017664,-80.7597901
8982,35.39680432,-80.60784099
8975,35.458016,-80.868084
8974,35.486172,-80.875415
8967,35.4478925,-80.5995299
8961,35.3949805,-80.6112721
8960,35.4102811,-80.6657702
8959,35.4219214,-80.6144464
8949,35.250942,-81.0282955
8936,35.001138,-80.6997868
8934,35.4294718,-80.6092951
8932,35.41536586,-80.66892463
8929,35.4212547,-80.6152694
8922,35.48763272,-80.88816879
8917,35.4834843,-80.8669182
8900,35.1778369,-80.650179
8899,35.258838,-81.120197
8891,35.1422713,-80.6227465
8890,35.3156475,-81.1748462
8883,35.110027,-81.04492
8879,35.0031288,-80.7000019
8873,35.264867,-81.175831
8872,35.4403311,-80.6035231
8871,35.37018592,-80.5492593
8866,35.4025034,-80.7594616
8864,35.1150221,-81.0687774
8859,35.28328651,-80.67047794
8858,35.416913,-80.676471
8847,35.236296,-80.644997
8846,35.3648577,-80.6337215
8844,35.4028525,-80.7589974
8843,35.220788,-81.088446
8842,35.2774336,-81.0271007
8840,35.11989102,-81.078372
8831,35.2434299,-81.038197
8814,35.428311,-80.608555
8809,35.1794301,-80.6466624
8806,35.2818742,-81.1883519
8798,35.2010926,-81.0423429
8795,35.411669,-80.615587
8792,35.4126371,-80.6124845
8791,35.419278,-80.6772598
8789,35.2895833,-81.0172643
8785,35.23581,-81.072487
8784,35.1160941,-81.08363797
8780,35.2613998,-81.1355968
8773,35.2756523,-81.02754925
8771,35.2523791,-80.6574252
8760,35.496109,-80.870537
8756,35.4803275,-80.8891121
8755,35.380197,-81.2296753
8748,35.3968228,-80.6101077
8747,35.4141995,-80.6700453
8739,35.432941,-80.8704829
8732,35.2397827,-81.1946503
8715,35.1737977,-80.6574304
8714,35.17898,-80.648211
8706,35.24266734,-81.03771315
8698,35.024312,-81.0278546
8697,35.489841,-80.8575007
8696,35.2519814,-81.0476385
8688,35.40802,-80.861655
8685,35.44965825,-80.86795485
8684,35.447562,-80.935937
8683,35.4575619,-80.8547775
8666,35.1793951,-80.641286
8662,35.3368139,-81.202404
8661,35.317174,-81.189375
8658,34.98963706,-80.77396609
8655,35.3983453,-80.5989307
8648,34.999927,-80.69944
8647,35.2431236,-81.0381206
8645,35.2840768,-80.6731864
8644,35.3926622,-80.6182176
8640,35.43851451,-80.60621403
8633,35.2606566,-81.1501218
8629,35.2253341,-81.1329794
8624,35.267448,-81.187562
8623,35.2563715,-81.1116427
8618,35.260739,-81.11395434
8617,35.287947,-81.019255
8613,35.23772955,-81.01778928
8612,35.2523858,-81.0444381
8605,35.1746226,-80.6582022
8603,35.2488388,-81.080506
8601,35.1828768,-80.65480237
8599,35.17623724,-80.65339693
8596,35.1423486,-80.6244029
8594,35.2120978,-81.1650011
8591,35.388138,-80.8552459
8587,35.2750323,-81.1444106
8583,35.420932,-80.676229
8582,35.41553813,-80.66980116
8581,35.4006075,-80.6112708
8579,35.4189645,-80.7427139
8553,35.240424,-81.038342
8549,35.25577081,-81.10486356
8548,35.2627353,-81.125895
8547,35.4192208,-80.7444217
8540,35.023706,-80.765084
8532,35.2148159,-81.1670833
8531,35.25908,-81.125119
8530,35.444056,-80.595933
8526,35.237625,-80.6322053
8519,35.2203206,-81.0959069
8518,35.2639775,-81.1846323
8517,35.2635718,-81.1833108
8502,35.177368,-80.651957
8500,35.245563,-81.035828
8499,35.25102657,-81.02532938
8496,35.284177,-80.6625028
8495,35.390563,-80.6204293
8494,35.3952363,-80.6165014
8493,35.422109,-80.614478
8492,35.41817,-80.6711567
8491,35.4403311,-80.6035231
8488,35.352034,-80.6202689
8483,35.44482,-80.861954
8482,35.44488039,-80.87710056
8480,35.442525,-80.861123
8479,35.25228595,-81.04632866
8478,35.413709,-80.664121
8474,35.256943,-81.106521
8456,35.4445382,-80.8810328
8446,35.411037,-80.666692
8445,35.38361188,-80.59727892
8444,35.3933314,-80.6197498
8440,35.4800058,-80.8900246
8439,35.240751,-81.0384934
8437,35.2445503,-81.0374577
8426,35.2710021,-81.1497307
8413,35.410676,-80.6645566
8409,35.1825962,-80.6548882
8398,35.263767,-81.1829297
8395,35.24744564,-81.01844609
8385,35.499009,-80.848818
8384,35.301924,-80.988053
8383,35.0017098,-80.6998415
8379,35.2950162,-80.9583138
8375,35.4002721,-80.6548882
8370,35.4167013,-80.6787931
8369,35.4295111,-80.6078019
8365,35.442525,-80.861123
8364,35.4370947,-80.8650041
8363,35.445044,-80.86743
8360,35.284026,-81.075091
8355,35.173406,-80.657638
8348,35.2635168,-81.1340755
8344,35.2419388,-81.0378508
8343,35.3834431,-80.7847187
8338,35.4005433,-80.5262147
8336,35.2742217,-81.0292062
8335,35.44224,-80.858527
8333,35.4822701,-80.860326
8332,35.4816213,-80.8832429
8331,35.4726665,-80.8737563
8330,35.3028763,-80.9858615
8319,35.4033624,-80.6087999
8317,35.39085955,-80.623948
8305,35.47783,-80.6185
8301,35.005691,-80.887629
8294,35.45817619,-80.867805
8293,35.2554087,-81.0353011
8287,35.4430429,-80.8571938
8282,35.26373591,-81.13270113
8281,35.43781655,-80.86689721
8280,35.25264624,-81.18627896
8278,35.2527471,-81.0422163
8277,35.253526,-81.0436409
8273,35.0262262,-80.7629807
8252,35.2457409,-81.0390842
8247,35.5033479,-80.86398416
8246,35.1713639,-80.66211
8245,35.4366407,-80.8509927
8244,34.933526,-80.750217
8243,34.9248301,-80.7427751
8239,35.2574611,-81.1129908
8233,35.4316549,-80.8726089
8227,35.4084747,-80.86312857
8225,35.2575444,-81.1136695
8224,35.261342,-81.121858
8223,35.260104,-81.132372
8216,35.23365517,-80.58948858
8215,35.4976436,-80.6259988
8210,35.17193226,-80.658356
8208,35.4045977,-80.8413535
8198,35.445362,-80.881189
8196,35.4467887,-80.8786387
8194,35.49537292,-80.85346878
8192,35.46225,-80.584977
8191,35.2576371,-81.1144548
8190,35.2611674,-81.1264743
8180,35.2367798,-81.0156748
8176,35.4102365,-80.8558488
8167,35.44305937,-80.89534879
8165,35.4212033,-80.9989739
8164,34.8429157,-80.6857366
8163,35.4158652,-80.5850058
8162,35.2609608,-81.1175421
8160,35.440003,-80.839302
8158,35.4131552,-80.6233173
8156,35.3810939,-80.5765795
8150,35.26053031,-81.12246361
8145,35.2684891,-81.1691806
8139,35.2570279,-81.2259578
8136,35.442741,-80.882582
8133,35.40917074,-80.8614061
8132,35.4428015,-80.8670495
8126,34.962659,-80.742115
8124,35.3687837,-80.83124555
8123,35.4316549,-80.8726089
8122,35.44311964,-80.86408077
8121,35.4069974,-80.8644103
8120,35.4445986,-80.8805075
8116,35.444934,-80.878493
8114,35.1871892,-80.6873616
8111,35.444504,-80.882073
8107,35.4842614,-80.8788418
8101,35.3714065,-80.549384
8092,35.1869829,-81.1495945
8091,35.2618024,-81.1320136
8087,35.40604182,-80.86468903
8086,35.40779,-80.865382
8084,34.9570465,-80.7557535
8083,35.488581,-80.874231
8077,35.4260134,-80.6147601
8076,35.420515,-80.677254
8075,35.4299222,-80.6082838
8072,35.2067169,-81.0753862
8071,34.9571277,-80.7556409
8070,34.9245935,-80.7434019
8056,35.4061542,-80.8624498
8055,35.415033,-80.854693
8054,35.4432235,-80.8836311
8053,35.3838612,-80.7861105
8052,35.3977685,-80.8518949
8051,35.4089686,-80.8553554
8046,34.925464,-80.744438
8042,35.2572014,-81.2283076
8029,35.3919184,-80.6226742
8028,35.4260218,-80.6147534
8025,35.4064389,-80.8637418
8019,35.4700079,-80.6633679
8018,35.475799,-80.625033
8017,35.5058955,-80.6096779
8011,35.259339,-81.1262372
8008,35.257869,-81.186772
8003,35.443109,-80.860149
8001,35.400625,-80.8520552
8000,35.4437229,-80.8645502
7997,34.9251993,-80.7443019
7992,35.3594474,-80.6245882
7988,35.499705,-80.848552
7985,35.5166022,-80.6111275
7982,35.36950369,-80.77834366
7979,35.409868,-80.861442
7978,35.44317737,-80.87287456
7977,35.44013764,-80.86597375
7969,35.177895,-80.64995
7968,35.1812773,-80.6444109
7967,35.4399369,-80.8708597
7962,35.4694394,-80.8902305
7958,35.3847668,-80.7858437
7956,34.9390831,-80.750958
7954,35.0046687,-80.6859549
7953,35.432404,-80.823541
7951,35.4027466,-80.7591077
7950,35.39627414,-80.66137363
7947,35.22022966,-80.70287018
7943,35.4842614,-80.8788418
7942,35.4868032,-80.8600736
7939,35.4091695,-80.8614429
7938,35.408141,-80.766706
7937,35.1159029,-81.0588169
7935,35.262501,-81.18356
7934,35.175714,-80.6531975
7933,35.44436,-80.879886
7923,35.501781,-80.84956
7921,35.5194559,-80.6126719
7919,35.251778,-81.04706
7914,35.4092822,-80.8634877
7910,35.4133017,-80.8338346
7909,35.4059961,-80.8650745
7905,35.4993031,-80.8486846
7902,35.23960813,-81.20914714
7901,35.4427415,-80.882584
7898,35.41404,-80.85258
7897,35.4437385,-80.8787245
7888,35.408297,-80.860973
7887,35.409006,-80.842823
7885,35.263174,-81.179636
7883,35.44291717,-80.85738681
7882,35.4268349,-80.913817
7878,35.4806652,-80.6113402
7877,35.5052907,-80.6090501
7876,35.261741,-81.1393375
7868,35.480811,-80.883509
7861,35.4652485,-80.5951674
7854,35.4130519,-80.8552351
7840,35.4113015,-80.8536611
7836,35.259252,-81.1223086
7834,35.4183251,-80.682589
7825,35.2617304,-81.1401133
7824,35.2113988,-80.6939831
7814,34.923192,-80.763091
7800,35.502869,-80.6079914
7797,35.467398,-80.87127
7792,35.3595108,-80.7526484
7788,35.2622271,-81.155015
7770,35.261367,-81.132856
7766,35.4716385,-80.61090033
7765,35.4867674,-80.6107022
7762,35.0874421,-80.5968943
7758,35.2580555,-81.1482452
7751,35.3710945,-80.783529
7739,35.4856057,-80.8860871
7733,35.26290923,-81.12778366
7730,35.257212,-81.1047959
7726,35.0264103,-80.7630602
7724,35.4471554,-80.5986674
7718,35.5057959,-80.868226
7703,35.2528422,-81.1526976
7702,35.26041552,-81.12995654
7700,35.4414609,-80.862391
7699,35.410694,-80.8428504
7695,35.26162163,-81.14104573
7682,35.3930519,-80.6179307
7680,35.2605513,-81.1221558
7678,35.477713,-80.87763
7659,35.2526211,-81.185932
7657,35.1776352,-80.6517721
7648,35.21,-80.69
7644,35.2084751,-80.6966361
7634,35.2680856,-81.1356919
7632,35.262225,-81.1549745
7627,35.2528469,-81.1572087
7626,35.2569384,-81.1133964
7619,35.3671564,-80.7860046
7613,35.378466,-80.766105
7608,35.44997625,-80.60086565
7607,35.25174713,-81.04571533
7590,35.2429175,-81.037297
7589,35.2429243,-81.0368969
7578,35.269994,-81.144909
7574,35.4755219,-80.637947
7570,35.44542808,-80.87968339
7566,35.487175,-80.6115987
7562,35.37086555,-80.78291647
7555,35.50091911,-80.84801304
7554,35.4993558,-80.8487663
7552,35.46626258,-80.59158325
7550,35.4981037,-80.8491878
7544,35.4145042,-80.6790753
7535,35.243155,-81.028482
7528,35.263024,-81.026538
7525,35.385322,-80.598237
7518,35.3727677,-80.78406528
7514,35.2515499,-81.0294026
7513,35.252694,-81.041502
7512,35.2520066,-81.0283439
7508,35.402077,-80.759995
7506,35.18496,-80.65482
7494,35.2574768,-81.1131229
7493,35.2150675,-81.1659594
7486,35.247206,-81.174395
7481,35.4720602,-80.8744193
7474,35.1412353,-80.6240395
7470,35.4703846,-80.6104057
7465,35.252707,-81.146047
7463,35.4084969,-80.8632906
7462,35.249113,-81.1755079
7461,35.2622271,-81.155015
7456,35.26731873,-81.10058594
7452,35.4295625,-80.6089736
7450,35.254267,-81.02641
7449,35.24866677,-81.02124166
7447,35.396318,-80.6099711
7446,35.371975,-80.782853
7441,35.44449225,-80.88043168
7437,35.4017664,-80.7597901
7431,35.4982056,-80.8485363
7429,35.2643755,-81.1481019
7427,35.446719,-80.889693
7414,35.4857295,-80.8784194
7408,35.266913,-81.133357
7404,35.2625621,-81.13549
7403,35.243605,-81.0381699
7393,35.298046,-81.160658
7392,35.2629457,-81.1316946
7391,35.408729,-80.86296
7390,35.3730996,-80.8414254
7389,35.409515,-80.864895
7387,35.4484122,-80.6072825
7376,35.275798,-81.1359546
7375,35.410428,-80.841862
7365,35.4197799,-80.5903042
7361,35.279368,-81.1409259
7358,34.999927,-80.69944
7357,35.364886,-80.786051
7356,35.2831619,-80.670612
7354,35.4109054,-80.6668265
7353,35.4181668,-80.67829
7351,35.2557082,-81.0926982
7347,35.225924,-81.133374
7331,35.4105761,-80.8504775
7321,34.954847,-80.760111
7320,35.18349158,-80.6500627
7314,35.441455,-80.866159
7306,35.264769,-81.1504467
7294,35.384346,-80.786208
7285,35.4993031,-80.8486846
7283,35.50045579,-80.6105774
7276,35.4110854,-80.6640661
7265,35.4946239,-80.7234776
7264,35.41233072,-80.6637386
7262,35.297595,-81.017092
7253,35.449459,-80.5963465
7246,35.469323,-80.610722
7238,35.2434352,-81.0377865
7235,35.41692918,-80.66951752
7232,35.4158453,-80.6767418
7231,35.415732,-80.669103
7222,35.473149,-80.599276
7221,35.5007816,-80.8503734
7220,35.49854279,-80.84877777
7218,35.27144068,-81.03114735
7216,35.39061258,-80.62085789
7208,35.483173,-80.863496
7205,35.5233633,-80.61194
7192,35.2672497,-81.1329476
7186,35.2637358,-81.1360996
7179,35.408485,-80.864327
7178,35.4427959,-80.8856763
7167,35.4883556,-80.8753657
7162,35.17888,-80.650254
7161,35.1716661,-80.6611841
7157,35.4220815,-80.576306
7156,35.4629333,-80.5851567
7154,35.259252,-81.1223086
7145,35.202726,-80.974971
7136,35.4433527,-80.8638527
7133,35.24906553,-81.02105118
7123,35.000889,-80.6941492
7115,35.4503032,-80.5463816
7112,34.9897042,-80.7740037
7109,35.232375,-81.169202
7100,35.3044133,-81.1581376
7098,35.2542321,-81.0277775
7097,35.24276419,-81.02815566
7095,35.357862,-81.095529
7074,35.2617401,-81.1394481
7071,35.267129,-81.1743841
7069,35.44157828,-80.76505255
7058,35.2799922,-81.1461783
7057,35.21253985,-80.68165451
7054,35.26209382,-81.15705622
7053,35.259351,-81.176084
7052,35.26040048,-81.15376487
7042,35.2580834,-81.1152778
7041,35.1094203,-81.0410847
7033,35.416325,-80.669549
7028,35.2583194,-81.1160194
7010,35.4979742,-80.6247984
7009,35.484729,-80.625212
6991,35.41486,-80.669537
6980,35.4105761,-80.8504775
6979,35.249715,-81.054337
6977,35.417871,-80.675572
6968,35.2571825,-81.1108223
6962,35.261618,-81.127549
6955,35.372159,-80.782485
6949,35.3859518,-80.5661931
6942,35.43660607,-80.8706376
6941,35.414738,-80.6036571
6939,35.18702155,-81.27425062
6938,35.232622,-81.167698
6929,35.410539,-80.580681
6921,35.1704615,-80.6610327
6910,35.4100783,-80.5811531
6909,35.4627448,-80.5871428
6905,35.50245682,-80.86147216
6893,35.3947733,-80.6168189
6890,35.2965162,-81.0166244
6889,35.2426298,-81.0278977
6887,35.415732,-80.669103
6886,35.4112657,-80.6636004
6883,35.259252,-81.1223086
6882,35.171874,-80.656173
6876,35.447409,-80.891425
6869,35.411256,-80.850796
6867,35.4848645,-80.8788311
6865,35.412465,-80.85455399
6835,35.4354376,-80.6282209
6834,35.401778,-80.759327
6833,35.42935451,-80.60779102
6829,35.277164,-81.06003
6821,35.420995,-80.590048
6806,35.4440759,-80.5957494
6789,35.2160476,-81.1693222
6783,35.498834,-80.848915
6777,35.247079,-80.577136
6774,35.2175167,-81.1687784
6773,35.445806,-80.862436
6772,35.4436944,-80.8663761
6761,35.4079651,-80.8625689
6760,35.443893,-80.863847
6759,35.440868,-80.872885
6753,34.999609,-80.6992556
6745,35.17590428,-80.65385342
6744,35.187215,-80.687325
6737,35.1151671,-81.0562458
6735,35.4478925,-80.5995299
6732,35.4455686,-80.877703
6721,35.2402275,-80.9733015
6720,35.439607,-80.607247
6718,35.0029331,-80.7003307
6715,35.00316483,-80.69899746
6713,35.4447062,-80.6241968
6704,35.23598,-81.072685
6703,35.4700625,-80.6113392
6702,35.5066521,-80.609455
6699,35.2628569,-81.152085
6698,35.40974818,-80.85336461
6660,35.352859,-81.0899069
6653,35.40863988,-81.01387024
6644,35.4103257,-80.5771539
6643,35.298231,-80.96853
6636,35.303073,-80.986707
6629,35.1725001,-80.6623217
6622,34.9997055,-80.6994116
6613,35.4810413,-80.8850864
6609,35.298048,-81.015842
6608,35.26148,-81.127874
6599,35.4326858,-80.6059013
6582,35.408287,-80.855025
6579,35.4498519,-80.6021853
6578,35.4795043,-80.6112944
6577,35.2498247,-81.1760223
6554,35.431847,-80.60577985
6553,35.4524,-80.6009524
6547,35.4462606,-80.6006262
6544,35.1754218,-80.654704
6530,35.10997573,-81.04424332
6521,35.149765,-80.619173
6519,35.4472243,-80.5955514
6511,35.257509,-81.110608
6510,35.2253341,-81.1329794
6509,35.2691841,-81.1474341
6490,35.5047975,-80.8687389
6489,35.404636,-80.8645219
6487,35.4445241,-80.5975501
6486,35.4467914,-80.5985013
6445,35.3889709,-80.5616585
6439,35.1885393,-80.6906735
6438,35.4793821,-80.6115796
6433,35.001381,-80.693298
6424,35.391148,-80.624909
6423,35.371162,-80.598166
6420,35.407291,-80.86335
6419,35.4315538,-80.6011649
6394,35.4083653,-80.8629741
6392,35.4435056,-80.88653635
6391,35.3863672,-80.7845089
6390,35.4322325,-80.8714612
6388,35.300847,-80.60159
6382,35.2695437,-81.1450266
6381,35.26211806,-81.13505449
6380,35.0520939,-81.02879
6376,35.432941,-80.8704829
6375,35.384346,-80.786208
6370,35.449508,-80.593493
6363,35.49835133,-80.84897905
6357,35.3841802,-80.7867928
6352,35.501694,-80.861008
6331,35.251121,-80.50785
6327,35.440287,-80.603009
6326,35.4810953,-80.481933
6314,35.4012581,-80.8532975
6304,35.262333,-81.145515
6303,35.242286,-81.1267844
6302,35.3958187,-80.8513549
6291,35.43991,-80.607563
6275,35.409145,-80.860164
6274,35.4087857,-80.8627784
6273,35.410504,-80.581605
6263,35.4103658,-80.5806383
6258,35.4340359,-80.6030108
6250,35.4010385,-80.6092427
6248,35.398727,-80.60847
6242,35.3845988,-80.7836562
6241,35.38811743,-80.56110573
6224,35.410666,-80.842703
6223,35.4440359,-80.871658
6193,35.4352924,-80.6024204
6190,35.410251,-80.8477149
6189,35.385772,-80.945838
6188,35.4090355,-80.5797955
6183,35.267292,-81.100877
6182,35.253329,-81.027326
6180,35.396436,-80.8653
6174,35.445836,-80.878416
6173,35.40363,-80.862823
6165,35.4808016,-80.82401276
6161,35.479334,-80.612143
6147,35.4099742,-80.5802573
6120,35.407082,-80.864037
6119,35.4087857,-80.8627784
6111,35.5008943,-80.8540364
6104,35.4588056,-80.6097556
6103,35.500876,-80.851247
6088,35.3602619,-81.09545518
6087,35.359761,-81.096566
6082,35.210659,-80.6861459
6080,35.5103129,-80.5537957
6061,35.4319404,-80.6061584
6055,35.42016612,-80.59049353
6049,35.4676664,-80.6092936
6041,35.383678,-80.784932
6039,35.2608118,-81.1394358
6038,35.50253314,-80.86357368
6020,35.409489,-80.580517
6018,35.348806,-80.500162
6012,35.50295725,-80.86296128
6011,35.4440517,-80.8824019
6010,35.4364511,-80.8475626
6000,35.480714,-80.860512
5994,35.4957282,-80.8529256
5981,35.4948465,-80.8530258
5973,35.4105459,-80.581798
5969,35.500121,-80.848541
5963,35.260574,-81.205988
5957,35.4439769,-80.595879
5945,35.4896218,-80.627782
5935,35.4729152,-80.8738156
5930,35.4684788,-80.889895
5924,35.484951,-80.615812
5922,35.50117671,-80.86102724
5920,35.41574414,-80.60404426
5915,35.4492384,-80.8899337
5914,35.4639804,-80.8709546
5906,34.937823,-80.750467
5904,35.480899,-80.858048
5901,35.446222,-80.598326
5900,35.443879,-80.8724469
5883,35.2517959,-80.5023557
5880,35.443366,-80.885407
5869,35.3711261,-80.8014694
5863,35.4034655,-80.8689288
5862,35.4086957,-80.8539554
5855,35.481292,-80.8844
5854,35.465378,-80.886352
5850,35.481845,-80.858137
5849,35.48323,-80.87763
5843,35.40960176,-80.86085558
5837,35.4403311,-80.6035231
5836,35.4403426,-80.6068409
5825,35.2397827,-81.1946503
5824,35.5033108,-80.8631721
5801,35.4577981,-80.5863419
5780,35.47962,-80.82306
5771,35.4762339,-80.610818
5769,35.4408208,-80.6032426
5768,35.17140844,-80.65719701
5767,35.41005838,-80.58081619
5761,35.3699743,-80.8335097
5752,35.3910344,-80.6230674
5751,35.264199,-81.171885
5750,35.2613541,-81.1516066
5748,35.4246981,-80.5934637
5747,35.4234501,-80.6164993
5745,35.4023422,-80.6293316
5743,35.2428423,-81.0376885
5739,35.44013501,-80.8672379
5721,35.481292,-80.8844
5720,35.4910855,-80.8576628
5709,35.4981037,-80.8491878
5704,35.4629416,-80.5903278
5702,35.4403311,-80.6035231
5699,35.379123,-80.572263
5698,35.47898934,-80.85709684
5690,35.2625498,-81.1732224
5684,35.4105223,-80.8435962
5674,35.384982,-80.579427
5673,35.409515,-80.864895
5672,35.410477,-80.860969
5666,35.5012273,-80.8609494
5661,35.2626926,-81.1551522
5660,35.4109054,-80.6668265
5659,35.435393,-80.6534951
5642,35.2708474,-80.5763396
5635,35.443791,-80.861709
5626,35.23256,-81.169418
5625,35.2540313,-81.1784708
5624,35.281094,-81.148167
5621,35.411622,-80.85526
5616,35.4439769,-80.595879
5615,35.4464812,-80.5988691
5610,35.2543994,-81.1760588
5601,35.4086754,-80.8627649
5600,35.2647007,-81.1362468
5594,35.4641856,-80.5852468
5589,35.445706,-80.87887
5559,35.392791,-80.877667
5553,35.500049,-80.86062
5548,35.447789,-80.8654984
5547,35.407613,-80.8629294
5543,35.4949288,-80.7960876
5542,35.497087,-80.562644
5527,35.26136851,-81.17032349
5506,35.4480724,-80.7894908
5503,35.4095655,-80.5805972
5502,35.4105761,-80.8504775
5495,35.365984,-80.786026
5485,35.2560087,-81.1009705
5478,35.252767,-81.1480179
5469,35.5147858,-80.6109049
5468,35.4584891,-80.5865141
5456,35.4427959,-80.8856763
5455,35.4417113,-80.8645852
5454,35.412026,-80.568708
5440,34.954127,-80.759349
5438,35.488724,-80.87493
5437,35.46443166,-80.89346407
5435,35.443879,-80.8724469
5432,35.4680532,-80.5898428
5425,35.22049,-80.700535
5422,35.2622419,-81.1552988
5408,35.443879,-80.8724469
5407,35.408391,-80.86298
5406,35.4462538,-80.8791588
5395,35.4433527,-80.8638527
5364,35.385772,-80.945838
5363,35.4101789,-80.8550486
5357,35.42902,-80.769017
5356,35.442844,-80.866318
5355,35.4456557,-80.8790683
5353,35.265982,-81.134454
5347,34.9997055,-80.6994116
5338,35.487764,-80.858635
5337,35.475862,-80.8546099
5336,35.478912,-80.894464
5328,35.250256,-81.1751938
5318,35.481625,-80.876029
5317,35.451776,-80.866245
5301,35.2621496,-81.1379657
5299,35.405038,-80.853371
5276,35.2588374,-81.2208413
5274,35.44185314,-80.88251174
5262,35.409453,-80.5802374
5253,35.262648,-81.17158
5246,35.4408208,-80.6032426
5245,35.2538164,-81.17603
5244,35.263628,-81.136521
5230,35.3842462,-80.7831703
5229,35.4199376,-80.5902706
5226,35.2858357,-81.1885326
5220,35.2840841,-80.667484
5217,35.222903,-80.630875
5215,35.4068155,-80.58637969
5212,35.383842,-80.78614
5211,35.426662,-80.937037
5194,35.262774,-81.1307269
5190,35.252224,-81.17556
5180,35.478702,-80.85652
5171,35.026427,-80.7630676
5170,35.269236,-81.14666
5166,35.4463112,-80.8796894
5165,35.409146,-80.861385
5164,35.4465068,-80.8777228
5160,35.262758,-81.169578
5155,35.4469586,-80.8603775
5150,35.2549347,-81.1701489
5149,35.2523849,-81.160373
5125,35.3838612,-80.7861105
5122,34.9957187,-80.5545919
5117,35.2772293,-81.0268746
5107,35.2833293,-80.9760556
5103,35.2624954,-81.1835868
5087,35.4114425,-80.8535251
5086,35.410694,-80.8428504
5080,35.2631741,-81.0197141
5069,35.3557955,-80.799422
5065,35.2633565,-80.4647107
5058,34.92454574,-80.74401386
5056,35.478224,-80.876501
5052,35.246588,-81.00496
5051,35.26019187,-81.1102707
5034,35.5130846,-80.5864513
5018,35.408297,-80.860973
4991,35.174645,-80.654887
4988,35.37345471,-80.78904815
4980,35.278874,-81.151351
4979,35.25245,-81.1567139
4977,35.4409459,-80.882262
4976,35.4439996,-80.8720445
4975,35.4113027,-80.5822461
4972,35.2443065,-81.0376627
4971,35.2521024,-81.0328656
4967,34.92984,-80.73216
4963,35.27256679,-81.00580215
4960,35.4677565,-80.623497
4954,35.1825962,-80.6548882
4940,35.2104918,-80.6902679
4938,35.4478925,-80.5995299
4933,35.4857295,-80.8784194
4932,35.4806152,-80.8603324
4931,35.482226,-80.880551
4930,35.4845965,-80.8721586
4929,35.482226,-80.880551
4926,35.26244056,-81.13952637
4914,35.4427959,-80.8856763
4913,35.436714,-80.864979
4907,35.283162,-80.6691759
4906,35.283424,-80.968306
4896,35.44384578,-80.87940443
4890,35.4087705,-80.8610958
4888,35.410676,-80.842166
4884,35.2611964,-81.170217
4880,35.2414025,-81.0379113
4879,35.256808,-81.0454485
4876,35.4407386,-80.8675387
4875,35.4440133,-80.8816011
4871,35.48243532,-80.62715035
4863,35.4105168,-80.5807261
4848,35.1825962,-80.6548882
4845,35.1676604,-81.056866
4843,35.44424375,-80.86177404
4842,35.44387453,-80.89562917
4835,35.4323481,-80.6044337
4827,35.44233471,-80.8572631
4815,35.443893,-80.863847
4814,35.410428,-80.841862
4809,35.443613,-80.85825
4807,35.4406835,-80.8639606
4806,35.442525,-80.861123
4801,35.21051,-80.690262
4800,35.480714,-80.860512
4791,35.262619,-81.1709254
4790,35.236963,-80.670506
4783,35.239286,-80.984269
4782,35.27277972,-81.00521157
4774,35.171466,-80.65651
4763,35.4408208,-80.6032426
4762,35.2888296,-81.1879604
4755,35.21051,-80.690262
4751,35.255755,-81.02746
4750,35.255363,-81.0443109
4749,35.21051,-80.690262
4745,35.0264602,-80.7630825
4720,35.241715,-81.0378824
4719,35.252175,-81.028991
4703,35.442525,-80.861123
4701,35.383678,-80.784932
4699,35.430109,-80.842771
4698,35.40479218,-80.84100875
4696,35.4980348,-80.8492728
4692,35.2086843,-80.6947196
4690,35.253438,-81.178428
4663,35.27132572,-81.15232131
4662,35.16946,-80.6622919
4655,35.24327089,-81.03763073
4651,35.4960586,-80.6247281
4636,35.4151239,-80.5608399
4606,35.4465258,-80.6007229
4598,35.438847,-80.872009
4594,35.23315394,-81.17168911
4588,35.5097656,-80.6234342
4587,35.473146,-80.62385
4583,35.225517,-81.1337223
4580,35.24338594,-81.03793428
4570,35.2166047,-81.1682526
4564,35.232611,-81.0391889
4555,35.172354,-80.661499
4538,35.2828356,-80.6691914
4532,35.479259,-80.881544
4510,35.3712639,-80.7831625
4503,35.2338011,-81.1683225
4493,35.2828178,-80.6691502
4486,35.37034459,-80.55020687
4480,35.1856301,-80.6891026
4463,35.43707162,-80.86415762
4462,35.4293051,-80.8427614
4454,35.40911,-80.5792725
4442,35.4261252,-80.5956979
4433,35.4062675,-80.8643534
4432,35.4419607,-80.8569121
4411,35.2269,-80.996979
4410,35.4113027,-80.5822461
4407,35.44347892,-80.89518785
4406,35.44315975,-80.88359601
4405,35.213169,-80.689942
4400,35.44108872,-80.86533087
4369,35.4137761,-80.8566812
4367,35.023379,-80.760665
4351,35.4434402,-80.87247902
4344,35.4440887,-80.893983
4343,35.446135,-80.879821
4335,35.442741,-80.882582
4329,35.281686,-81.149641
4328,35.268454,-81.131011
4305,35.241144,-80.996639
4280,35.284452,-80.459699
4273,35.371222,-80.783199
4254,35.2282282,-80.6977466
4253,35.4805798,-80.8832042
4227,35.442654,-80.989532
4217,35.458357,-80.853891
4177,35.2639611,-81.0909679
4176,35.4022826,-80.8619015
4172,35.4412934,-80.8672305
4168,35.0264214,-80.7630651
4167,35.10964508,-81.04329675
4166,35.1177088,-81.076801
4165,35.4400919,-80.8427427
4163,35.385772,-80.945838
4162,35.41143,-80.846947
4159,35.383504,-80.78426
4151,35.4395022,-80.8722016
4138,35.446468,-80.879703
4136,35.135679,-81.083755
4134,35.4176561,-80.8569232
4128,35.371222,-80.783199
4125,35.4367237,-80.8650021
4119,35.411312,-80.860086
4110,35.2254112,-81.1337295
4109,35.2633736,-81.1341025
4103,35.40582909,-80.86540243
4102,35.4430504,-80.8721072
4097,35.4090885,-80.8605753
4091,35.406168,-80.864345
4090,35.44622628,-80.87957074
4089,35.171478,-80.656949
4088,35.4421395,-80.8585184
4087,35.4463168,-80.864618
4079,35.408153,-80.863351
4078,35.211903,-80.686155
4076,35.372159,-80.782485
4075,35.409145,-80.860164
4071,35.4401926,-80.8646654
4069,35.2117884,-80.6854583
4065,35.442525,-80.861123
4058,35.417937,-80.857058
4053,35.438982,-80.844064
4052,35.442525,-80.861123
4049,35.4063342,-80.8598914
4047,35.4073137,-80.863313
4044,35.24945899,-81.03033096
4043,35.2522548,-81.0432267
4028,35.415977,-80.857285
4027,35.4212394,-80.8662756
4026,35.41189694,-80.85671951
4025,35.4064389,-80.8637418
4019,35.40948558,-80.8531195
4018,35.448134,-80.8649301
4017,35.445088,-80.8793759
4015,35.10893319,-81.04111708
4001,35.23598,-81.072685
3997,35.44923007,-80.88970542
3996,35.4618378,-80.8694714
3995,35.4818917,-80.8847452
3994,35.41132701,-80.85580561
3991,35.41198296,-80.85471091
3990,35.444934,-80.878493
3989,35.2134002,-80.6890044
3982,35.410798,-80.8614656
3981,35.446171,-80.87927699
3980,35.385305,-80.8461817
3979,35.44196326,-80.77566926
3978,35.28065987,-81.13320708
3976,35.210659,-80.6861459
3974,35.442891,-80.8574667
3970,35.3151156,-81.1914178
3967,35.444964,-80.886966
3960,35.409121,-80.861908
3959,35.448412,-80.881572
3958,35.410194,-80.8525217
3943,35.4262919,-80.915832
3942,35.4437229,-80.8645502
3939,35.250835,-81.0300047
3937,35.399277,-80.864992
3929,34.9245935,-80.7434019
3928,34.9245935,-80.7434019
3922,35.483618,-80.8677699
3917,35.115885,-81.070482
3910,35.164335,-80.607617
3902,35.4761288,-80.8899692
3901,35.48758896,-80.87506217
3900,35.4423171,-80.76308319
3897,35.474085,-80.891251
3890,35.4083118,-80.5808643
3889,35.4408208,-80.6032426
3881,35.47909,-80.8938
3877,35.4827,-80.8788
3868,35.4468105,-80.8786115
3867,35.4047998,-80.8407594
3866,35.445904,-80.88006
3864,35.1856811,-80.6906765
3861,35.4113015,-80.8536611
3859,35.425554,-80.919546
3848,35.47878144,-80.89396605
3844,35.476565,-80.8922259
3842,35.26218,-81.156604
3840,35.1708846,-80.6594961
3837,35.1340053,-81.0202533
3831,35.2627229,-81.1569273
3826,35.316785,-81.174771
3824,35.460973,-80.888994
3803,35.465994,-80.872191
3790,35.492298,-80.856787
3787,35.480714,-80.860512
3786,35.461742,-80.845793
3785,35.373655,-80.831909
3784,35.372448,-80.785568
3782,35.37085808,-80.83094325
3765,35.48173486,-80.88251717
3764,35.4794726,-80.8931981
3763,35.460836,-80.888981
3762,35.384346,-80.786208
3761,35.441876,-80.882878
3754,35.4816252,-80.8856963
3753,34.9245935,-80.7434019
3751,35.408297,-80.860973
3750,35.2625621,-81.13549
3746,35.481995,-80.884625
3745,34.93801065,-80.75055778
3743,35.488724,-80.87493
3733,35.440108,-80.86732
3732,35.4425669,-80.864317
3731,35.40287865,-80.83924564
3730,35.239984,-81.078165
3714,35.480913,-80.882426
3713,35.4818355,-80.8736363
3712,35.447409,-80.891425
3711,35.448321,-80.890953
3710,34.8429157,-80.6857366
3709,35.2611594,-81.1786634
3690,34.99680626,-81.03838348
3680,35.481292,-80.8844
3670,35.487112,-80.875406
3666,35.2323932,-81.1673729
3659,35.28305455,-80.66799513
3653,35.475439,-80.888605
3652,34.92498832,-80.74527383
3648,34.92382,-80.7385
3647,35.40981661,-80.8530628
3646,35.436588,-80.870661
3645,35.443106,-80.859585
3632,35.40630998,-80.86408495
3622,35.464383,-80.893416
3621,35.48432494,-80.87796928
3620,35.44744189,-80.89130368
3619,35.4828029,-80.873268
3616,35.480811,-80.883509
3615,35.481594,-80.876972
3612,35.4582731,-80.8678918
3605,35.4825699,-80.876457
3600,35.436211,-80.865706
3593,35.1745842,-80.6575856
3592,35.1340053,-81.0202533
3588,34.92483988,-80.74171171
3587,34.9268042,-80.7448574
3585,35.4428962,-80.8801178
3584,35.442215,-80.873574
3577,34.924376,-80.7447509
3569,35.4793582,-80.8909812
3564,35.3157236,-81.1934143
3561,34.933526,-80.750217
3560,35.437681,-80.867308
3559,35.4060437,-80.8649403
3556,35.171257,-80.657282
3544,35.47053,-80.87367
3538,35.4087857,-80.8627784
3529,35.462954,-80.852689
3528,35.488581,-80.874231
3524,35.419037,-80.841701
3520,35.4976184,-80.8493383
3506,35.485779,-80.878258
3505,35.4842614,-80.8788418
3504,34.9236099,-80.750146
3503,35.0048166,-80.8269401
3498,35.44946,-80.88965
3495,34.9252092,-80.7434021
3494,34.8649443,-80.6947321
3493,35.446468,-80.879703
3492,35.4445566,-80.87916729
3491,35.446553,-80.879669
3490,35.421889,-80.842612
3489,35.4451629,-80.8802742
3487,35.44370421,-80.86478736
3486,35.4089724,-80.8630611
3482,35.3155716,-81.1756406
3479,35.48141868,-80.8843249
3478,35.4820925,-80.8608862
3477,35.23918271,-80.98377999
3470,34.9324254,-80.747278
3466,35.453627,-80.891154
3465,34.8650669,-80.6933461
3458,35.475632,-80.891952
3457,34.866447,-80.6808101
3455,35.2231929,-80.6284331
3453,35.25238438,-81.02653786
3451,35.4484269,-80.8636183
3450,35.44278747,-80.85736627
3449,35.44075012,-80.86466217
3448,35.4078598,-80.86355046
3447,35.404564,-80.852621
3446,35.4039775,-80.8665903
3443,35.4213082,-80.8416218
3437,35.447957,-80.889813
3425,35.4960855,-80.853182
3412,35.4869569,-80.8751039
3403,35.486051,-80.858035
3402,35.447242,-80.772564
3390,35.4416799,-80.8628696
3382,35.183069,-80.654812
3381,34.99093316,-80.77255526
3376,35.506448,-80.854896
3375,35.171421,-80.65679
3372,34.9242977,-80.7472022
3366,35.4432235,-80.8836311
3360,35.4404169,-80.845275
3358,34.9248294,-80.7427818
3356,35.494828,-80.8530183
3355,35.2321928,-81.2359454
3322,34.924376,-80.7447509
3321,34.9575199,-80.7574846
3313,35.2156681,-81.2408689
3304,35.2592,-81.216154
3287,35.463579,-80.873496
3280,35.2573468,-81.2557204
3279,35.2258969,-81.1992686
3274,35.5059571,-80.8673963
3273,35.1722245,-80.6627047
3261,35.4945937,-80.8541869
3255,35.417027,-80.679198
3240,35.385598,-80.748524
3231,35.2443065,-81.0376627
3230,35.259507,-81.215327
3229,35.263722,-81.2039999
3228,35.286082,-81.190396
3217,35.4062675,-80.8643534
3212,35.1871892,-80.6873616
3209,34.904865,-80.689871
3202,35.2979628,-81.1605714
3196,35.26252365,-81.19623566
3186,35.2635534,-81.1831932
3174,34.99662,-80.5596
3173,35.39408986,-80.61803121
3168,35.259925,-81.223502
3150,35.5017179,-80.849404
3137,34.935156,-80.751353
3131,35.4818493,-80.8581763
3120,35.480255,-80.886973
3118,35.310128,-81.0363255
3115,34.969127,-80.766637
3106,35.487127,-80.875072
3105,35.478912,-80.894464
3104,35.48216,-80.880886
3084,35.480314,-80.878912
3083,35.4761288,-80.8899692
3082,35.4809701,-80.8850671
3069,35.262099,-81.140282
3067,35.42615281,-80.61512363
3051,35.482353,-80.860692
3050,35.4714,-80.892441
3049,35.478809,-80.89336
3029,35.4944741,-80.8530909
3028,35.1324789,-80.58297
3020,35.2991078,-81.1595214
3015,35.483286,-80.859682
3009,35.2112525,-80.6890293
3002,35.2637842,-81.1356072
2993,35.468798,-80.914675
2983,35.486963,-80.857925
2978,35.1709012,-80.6613429
2974,34.92394857,-80.74964174
2970,35.17161385,-80.65951256
2956,35.2274632,-81.1992589
2935,35.4435643,-80.8943302
2930,35.4503535,-80.88841524
2929,35.2355418,-81.2210729
2918,35.1711347,-80.6620463
2911,35.443563,-80.857573
2900,35.2429243,-81.0368969
2894,34.92262303,-80.74374522
2888,35.44556968,-80.87787409
2875,35.487751,-80.858642
2872,35.2575436,-81.1136656
2855,35.41165397,-80.58050439
2851,35.26391759,-81.1817504
2843,35.1731413,-80.6582015
2840,35.2911512,-81.0241729
2837,35.210968,-80.687592
2829,34.934893,-80.749975
2820,35.4749415,-80.8898551
2803,35.297603,-81.0161715
2793,35.258699,-81.0778938
2789,35.24014983,-81.03765893
2788,35.2553417,-81.0375889
2783,35.4740176,-80.8911089
2777,35.2445619,-81.0374471
2773,35.4045539,-80.8541329
2772,35.405168,-80.840944
2771,35.447789,-80.8654984
2767,35.4910855,-80.8576628
2766,34.9297929,-80.745816
2759,34.9373298,-80.7502537
2754,35.4727001,-80.8955001
2753,35.480218,-80.857844
2748,35.4436419,-80.859056
2744,35.4436457,-80.8583677
2739,35.431876,-80.842979
2731,35.46507,-80.593739
2727,35.261612,-81.1421688
2721,35.4430876,-80.8601267
2719,35.2367798,-81.0156748
2717,35.2511857,-81.0448467
2715,35.40649078,-80.86557833
2711,35.2673538,-81.04036778
2700,35.440107,-80.873186
2699,35.4312718,-80.8427596
2698,35.2418362,-81.0378816
2696,35.4101134,-80.8509492
2690,35.4347977,-80.8405226
2689,35.4062675,-80.8643534
2688,35.4110876,-80.841745
2687,35.40643993,-80.86364278
2684,35.4112378,-80.8559475
2683,35.4427114,-80.8858163
2678,35.412231,-80.8440169
2663,35.426537,-80.8424977
2660,35.4427959,-80.8950124
2651,35.2083129,-80.672755
2648,35.2621669,-81.0431492
2647,35.2435542,-81.0375581
2641,35.4721131,-80.8736129
2639,35.4433054,-80.87225412
2638,35.25194902,-81.03407918
2637,35.408819,-81.012656
2635,35.4410032,-80.8717811
2626,35.401186,-80.764595
2623,35.44621903,-80.87891892
2615,35.48069095,-80.88183535
2607,35.459828,-80.889656
2606,35.4812448,-80.8871743
2602,35.36703374,-80.78645847
2600,35.4043534,-80.8677223
2594,35.44597215,-80.87806195
2593,35.4453341,-80.8789815
2592,35.211124,-80.690954
2577,34.95558963,-80.75593002
2569,35.4419832,-80.8828549
2551,35.4857295,-80.8784194
2550,35.4848645,-80.8788311
2549,35.4489639,-80.890259
2548,34.9322881,-80.7471434
2544,35.4793144,-80.8909632
2543,35.476565,-80.8922259
2542,35.4480801,-80.8901594
2534,35.47138485,-80.89195561
2533,35.4813151,-80.8841624
2531,35.458016,-80.868084
2530,35.4795,-80.893231
2529,34.916695,-80.745742
2525,35.4820909,-80.860777
2524,35.479259,-80.881544
2523,35.457747,-80.8550209
2516,35.4783673,-80.8939292
2515,35.481901,-80.87365
2514,35.4442728,-80.8955356
2512,35.264151,-81.181137
2506,35.4917497,-80.8581854
2481,35.4911289,-80.8582314
2480,35.48170557,-80.86026687
2476,35.23597995,-81.07268002
2475,35.48623568,-80.85989936
2474,35.483802,-80.8765559
2471,35.480714,-80.860512
2470,35.4715289,-80.873548
2462,35.290449,-81.18925
2454,35.484504,-80.878945
2452,35.485216,-80.873424
2448,35.445088,-80.8793759
2438,35.499074,-80.848803
2424,34.9390831,-80.750958
2419,35.4793829,-80.856642
2413,35.288949,-81.017299
2409,35.4437264,-80.8788037
2406,35.2997178,-80.9891072
2405,35.1713822,-80.6606639
2401,35.4455011,-80.8897011
2396,35.120191,-81.0902977
2392,35.1728729,-80.6568436
2389,35.4338268,-80.8701111
2387,35.442832,-80.859496
2386,35.3840379,-80.840096
2375,35.4403671,-80.8706902
2372,35.4087705,-80.8610958
2371,35.41258195,-80.85619782
2365,35.445665,-80.880595
2364,35.41391832,-80.8558288
2362,35.444167,-80.867165
2361,35.4435056,-80.8862574
2360,35.43757,-80.865076
2353,35.444506,-80.879566
2346,35.446528,-80.89205
2342,35.476353,-80.890484
2322,35.48173444,-80.884595
2309,35.329852,-81.134431
2302,35.4596408,-80.8889111
2291,35.4803948,-80.8738724
2282,34.9872141,-80.774521
2275,35.475073,-80.853205
2272,35.26347,-81.1837495
2271,35.1735012,-80.6575571
2268,34.9547176,-80.7598035
2267,34.937823,-80.750467
2259,35.4818917,-80.8847452
2256,35.268212,-81.222781
2247,35.4793582,-80.8909812
2246,35.481012,-80.885637
2241,34.95385155,-80.75911441
2237,34.9375164,-80.7509427
2225,35.26278,-81.186232
2222,34.9251634,-80.7436934
2215,34.9386548,-80.7507885
2203,35.4850251,-80.8762265
2202,35.501152,-80.8608674
2200,34.9544561,-80.7593624
2199,34.9242944,-80.7403866
2185,35.28536,-81.243396
2163,35.47202083,-80.87372482
2162,34.933565,-80.747455
2159,34.9244458,-80.7441748
2146,35.4800528,-80.8911468
2140,34.9324254,-80.747278
2134,34.9243154,-80.7447607
2133,35.50095168,-80.86079253
2132,35.1760893,-80.6537344
2131,35.1728729,-80.6568436
2122,35.447409,-80.891425
2121,35.4837727,-80.8729538
2120,34.9911766,-80.7544618
2119,35.1775262,-80.6503865
2113,35.2803528,-81.1885975
2112,35.26355,-81.182691
2110,35.478912,-80.894464
2109,35.448799,-80.890924
2106,34.9570923,-80.7555995
2100,35.482226,-80.880551
2099,35.481933,-80.8818579
2098,35.4666776,-80.8725151
2096,35.3550853,-81.0872676
2095,34.9368147,-80.7501423
2079,35.4820656,-80.8599285
2078,35.464825,-80.8924682
2077,35.501033,-80.86028
2074,35.4820747,-80.8600444
2065,34.95480337,-80.75974703
2064,35.4962415,-80.8529511
2056,34.9373298,-80.7502537
2052,35.1735404,-80.6570304
2045,35.27321094,-81.01537231
2042,34.9245935,-80.7434019
2036,34.9248,-80.7427684
2022,35.37725548,-80.77615962
2018,35.26305876,-81.17756035
2012,34.937832,-80.7504485
1992,35.1723448,-80.6592503
1990,34.9256985,-80.743485
1986,34.9245972,-80.7430295
1984,35.49576414,-80.85335822
1977,34.9245935,-80.7434019
1944,35.4668411,-80.8723806
1943,34.9179101,-80.7345015
1942,35.1767175,-80.6542241
1936,35.210872,-80.687363
1918,35.4427206,-80.8857951
1912,34.9245935,-80.7434019
1904,35.476353,-80.890484
1903,35.480612,-80.881848
1902,35.480227,-80.877613
1897,35.4435563,-80.8855789
1895,35.3890604,-80.6224068
1892,35.2983975,-81.016305
1889,35.4993558,-80.8487663
1876,35.481899,-80.860366
1875,35.475069,-80.873862
1873,34.9245935,-80.7434019
1872,35.26355,-81.182691
1871,35.1728729,-80.6568436
1869,35.2639769,-81.18428
1867,35.1781039,-80.6508515
1864,35.415732,-80.669103
1863,34.9547176,-80.7598035
1860,35.1677091,-80.6649235
1851,35.091164,-80.603492
1841,35.475193,-80.892415
1840,35.481995,-80.884625
1839,35.17261,-80.6608979
1834,34.9248003,-80.7427685
1833,35.263542,-81.184015
1828,35.4785287,-80.8931571
1825,35.1290308,-80.6339545
1821,34.9562533,-80.7564664
1817,35.083564,-80.588158
1803,35.4848543,-80.8587911
1794,34.9327906,-80.7495787
1788,34.9897042,-80.7740037
1777,35.5017109,-80.8609851
1771,35.418557,-80.74575
1756,34.9585896,-80.758966
1751,34.98965843,-80.7747244
1738,34.9441033,-80.7542896
1733,34.9598741,-80.75850217
1726,35.4808764,-80.8910079
1725,35.480255,-80.886973
1723,34.9364126,-80.7495633
1711,35.4295111,-80.6078019
1709,35.4131552,-80.6233173
1708,35.4166397,-80.6134594
1705,35.3187531,-81.1896232
1700,35.27231138,-80.96239128
1688,35.4678404,-80.9359175
1686,35.4150032,-80.6027893
1684,35.4025034,-80.7594616
1681,35.43902206,-80.76205444
1678,35.3664802,-80.7879091
1675,35.31936536,-81.19117965
1669,35.4614226,-80.8536619
1668,35.3905926,-80.6204214
1663,35.491538,-80.85722
1662,35.3974396,-80.6616417
1661,35.2956471,-81.0163633
1657,35.4189212,-80.6778517
1654,35.2321234,-81.0393113
1652,35.4670602,-80.8712653
1646,35.4762372,-80.8918384
1644,35.4171702,-80.6766818
1642,35.3949011,-80.6134231
1641,35.4027466,-80.7591077
1639,35.3922929,-80.6217765
1638,35.248251,-81.029601
1633,35.2577379,-81.115306
1632,35.414073,-80.670083
1628,35.2606577,-81.1131799
1626,35.2517777,-80.4999095
1624,35.23581,-81.072487
1622,35.223076,-80.630273
1620,35.44592344,-80.86689881
1619,35.4002721,-80.6548882
1616,35.4800528,-80.8911468
1615,35.2601205,-81.150987
1614,35.2591326,-81.1253459
1613,35.00347217,-80.69902931
1607,35.4761942,-80.8897672
1606,35.3967068,-80.6615136
1599,35.441922,-80.866368
1593,35.2091206,-81.1651521
1589,35.4191389,-80.6144123
1587,35.25938401,-81.12275638
1584,35.1173568,-81.0679166
1582,35.443106,-80.859585
1578,35.4110709,-80.6640819
1576,35.25870389,-81.11945409
1564,35.482358,-80.8605539
1563,35.428097,-80.612789
1561,35.26181857,-81.12622261
1553,35.2474696,-81.0122772
1549,35.384626,-80.846401
1548,35.408297,-80.860973
1546,35.4409183,-80.8724443
1532,35.4577917,-80.8680906
1528,35.2492,-81.080465
1525,35.443106,-80.859585
1524,35.44515422,-80.8806558
1523,35.4450447,-80.8771547
1522,35.412922,-80.842079
1521,35.4463632,-80.8797266
1520,35.410262,-80.85021
1507,35.00164148,-80.69959849
1504,35.172354,-80.661499
1502,35.4866245,-80.8588624
1494,35.1760893,-80.6537344
1493,35.1108601,-81.0396778
1481,35.2611573,-81.1351419
1480,35.417269,-80.856361
1479,35.408839,-80.86112
1477,35.2590993,-81.1252008
1473,35.37211379,-80.78296077
1469,35.466961,-80.871974
1467,35.23690248,-81.01479504
1458,35.4101659,-80.5767634
1456,35.248509,-81.03219
1453,35.14011069,-80.62475199
1449,35.2573343,-81.1113029
1446,35.410612,-80.841111
1445,35.4468105,-80.8786115
1432,35.4105081,-80.8426728
1425,35.44592444,-80.878584
1424,35.4389185,-80.8671782
1423,35.4437264,-80.8788037
1422,35.2403689,-81.1207631
1415,35.408297,-80.860973
1414,35.440408,-80.8719069
1412,35.44371258,-80.8713528
1411,35.403422,-80.853635
1408,35.443106,-80.859585
1401,35.00339097,-80.69940322
1400,35.4396649,-80.6058608
1399,35.241121,-81.122147
1394,35.4450447,-80.8771547
1393,35.4054689,-80.854551
1386,35.4468187,-80.5991502
1385,35.260224,-81.128767
1383,35.2523762,-81.0445042
1382,35.0232504,-80.7606098
1380,35.1104035,-81.0453825
1372,35.38468329,-80.78597972
1371,35.262648,-81.1551712
1370,35.41426,-80.829632
1369,35.430109,-80.842771
1331,35.4445382,-80.8810328
1330,35.445787,-80.878072
1329,35.4464309,-80.878665
1324,35.11900679,-81.08153413
1320,35.367148,-80.785935
1314,35.14218114,-80.62501766
1304,35.482521,-80.8785259
1286,35.5063166,-80.8669568
1278,35.4507001,-80.6093102
1276,35.44348766,-80.85948229
1275,35.442891,-80.8574667
1270,35.2649303,-81.1477259
1259,35.2521887,-81.1447929
1248,35.252182,-81.1448019
1233,35.213121,-80.690289
1232,35.2612219,-81.1354645
1223,35.2573736,-81.1109624
1220,35.23323294,-81.17209375
1215,35.2616484,-81.1557886
1213,35.140388,-80.623594
1206,35.2628405,-81.1328363
1199,35.171662,-81.12602
1189,35.3649896,-80.786948
1186,35.2505392,-81.176099
1184,35.4778398,-80.8933961
1181,35.4889535,-80.6475938
1180,35.46467753,-80.59212911
1164,35.4638145,-80.8714831
1163,35.465861,-80.896325
1148,35.268457,-81.144701
1147,35.2619342,-81.1342213
1134,35.4765931,-80.8929185
1133,35.41378063,-80.66416608
1123,35.439015,-80.607603
1122,35.3700567,-80.5489966
1114,35.482875,-80.864319
1110,35.18789,-80.69131
1109,35.24344689,-81.03696022
1106,35.2398343,-81.1229533
1105,35.257161,-81.112433
1101,35.237331,-81.072066
1100,35.16708853,-80.66537037
1099,35.4467914,-80.5985013
1093,35.51388411,-80.61048545
1088,35.370678,-81.096992
1087,35.2617474,-81.12477556
1077,35.4366119,-80.605241
1070,35.4171703,-80.6766821
1065,35.2174632,-81.0626475
1064,35.1836867,-80.6499762
1056,35.4191299,-80.5891537
1054,35.2860604,-81.1080091
1046,35.2841029,-80.6726085
1041,35.443253,-80.861456
1028,35.3699298,-80.5488879
1027,35.25820451,-81.11112035
1026,35.2572332,-81.1140609
1019,35.3649896,-80.786948
1012,35.441451,-80.607065
1008,35.4698099,-80.611336
1007,35.2527865,-81.0286951
1006,35.4370947,-80.8650041
994,35.367179,-80.786418
975,35.250619,-81.042871
970,35.4979952,-80.8493356
969,35.5070452,-80.566442
967,35.262552,-81.1769149
949,35.187809,-80.688228
937,35.4745459,-80.892118
932,35.4191021,-80.5891303
921,35.2606297,-81.134341
917,35.4822472,-80.8806668
906,35.43873361,-80.60675048
905,35.439398,-80.604712
904,35.385772,-80.945838
895,35.3808822,-80.7629093
881,35.384725,-80.783076
880,35.13375962,-81.0202533
873,35.442525,-80.861123
870,35.410749,-80.841144
869,35.40926015,-80.86017268
868,35.410392,-80.855215
865,35.2991682,-81.0208401
862,35.384149,-80.783164
859,35.2109672,-80.6876886
843,35.4940939,-80.860486
840,34.9350848,-80.7488335
839,34.9319888,-80.6915528
837,35.479733,-80.89239
833,35.483015,-80.8600079
831,34.943609,-80.787277
816,35.43944528,-80.60737241
815,35.4164253,-80.6003373
787,35.210659,-80.6861459
774,35.4593557,-80.8896299
773,35.475193,-80.892415
771,34.989098,-80.7747195
769,35.4320529,-80.604935
764,35.2527874,-81.04212463
761,35.1801323,-80.6461625
755,35.26188676,-81.13946907
736,34.9274555,-80.7436141
730,35.17261,-80.6608979
728,35.424341,-80.614825
720,35.38451475,-80.7835865
704,35.480913,-80.882426
703,35.483866,-80.878967
702,35.463131,-80.846664
691,35.479529,-80.888199
690,35.1716041,-80.6588999
669,35.4849428,-80.8588933
668,35.4868032,-80.8600736
659,35.459009,-80.854548
644,35.4409065,-80.6071256
637,35.212238,-80.6904456
631,35.17596155,-80.65354362
625,35.4310366,-80.6007767
624,35.3889013,-80.5013492
623,35.3764712,-80.553054
595,35.3699473,-80.8335527
592,35.485345,-80.8788348
579,35.410293,-80.580453
575,35.406028,-80.864995
574,35.442891,-80.8574667
573,35.4334116,-80.8702972
557,34.9236099,-80.750146
543,34.924719,-80.7437254
536,35.411118,-80.855873
523,35.03615811,-81.0217794
522,34.9337262,-80.750191
506,35.2984303,-81.0174483
497,35.40912479,-80.85343998
492,35.2450797,-81.0386647
491,35.2828178,-80.6691502
488,35.3551972,-81.0919395
483,34.9245935,-80.7434019
471,35.5038532,-80.848752
469,35.2606331,-81.1562238
466,35.4193611,-80.6751038
446,35.0011763,-80.6959945
444,35.2308929,-81.1967102
443,35.17261,-80.6608979
442,35.28310305,-80.66893475
435,35.4991952,-80.8487957
429,34.938832,-80.750895
423,35.501694,-80.861008
422,35.5034994,-80.8631998
412,35.40587659,-80.86515483
407,35.408382,-80.854003
398,35.4199101,-80.8423016
396,35.4948208,-80.8532331
395,35.4979941,-80.8494036
394,35.2658915,-81.1327466
386,35.45892016,-80.8889991
385,34.925105,-80.72775
382,35.1825962,-80.6548882
365,35.3517087,-81.0883729
358,35.4440133,-80.8816011
357,35.423674,-80.861262
348,35.3026124,-80.9872958
338,35.26373291,-81.18199158
337,35.255527,-80.988696
332,35.44320796,-80.8858645
331,35.4393752,-80.871807
330,35.4420872,-80.8575728
323,35.445088,-80.8793759
318,35.05394611,-80.74980391
313,35.1415282,-80.6251282
312,35.4451629,-80.8802742
306,35.461723,-80.586902
305,35.2566549,-80.5998769
304,35.2828178,-80.6691502
299,35.171854,-81.107649
295,35.4419607,-80.8569121
291,34.9373298,-80.7502537
273,35.476565,-80.8922259
266,35.251292,-80.505725
247,34.9252494,-80.7430102
242,35.2589209,-81.0771434
239,35.4838433,-80.8678739
238,35.483712,-80.868313
231,35.4035087,-80.8661112
224,35.4824259,-80.862377
219,35.1825962,-80.6548882
217,35.22363103,-80.63868654
212,35.41418873,-80.85678479
211,35.444292,-80.895513
210,35.4449027,-80.8770459
199,35.2534228,-81.0266346
198,35.2668119,-81.100948
190,34.92454822,-80.74491106
189,34.957712,-80.755487
183,35.0366891,-81.0219146
178,35.1760893,-80.6537344
176,35.2636774,-81.13501288
163,35.4697097,-80.8745677
162,35.415385,-80.669955
161,35.419773,-80.675218
157,35.2428423,-81.0376885
152,35.12359,-81.00714
149,35.2576465,-81.1145337
148,35.2602256,-81.1264516
127,35.4087857,-80.8627784
123,35.1871766,-80.6872643
122,35.17261105,-80.66098503
119,35.1412136,-80.6239791
116,35.4158214,-80.6058123
115,35.4174607,-80.6760026
113,35.2429314,-81.0376235
102,35.4783673,-80.8939292
101,35.480714,-80.860512
100,35.4857295,-80.8784194
93,35.469659,-80.609835
74,35.4456919,-80.8788441
72,35.24313986,-81.02848457
65,35.366335,-80.78588
48,35.498176,-80.849935
47,35.268268,-81.138728
46,35.26091588,-81.14245503
34,35.4611816,-80.8474255
23,35.2887,-81.018498
7,35.2818742,-81.1883519
6,35.1420067,-80.5469564
3,35.44301457,-80.86392537
